version https://git-lfs.github.com/spec/v1
oid sha256:8397210393816823f2a6214691c8b44503b9acb463c19aca895be3340c4df890
size 49523
