version https://git-lfs.github.com/spec/v1
oid sha256:214a68795453b872e21b1bb3a8e254ad3da19509b88f9e4e4f806a8f17d2e31b
size 82828
