version https://git-lfs.github.com/spec/v1
oid sha256:1dad6428992cfeb7a74d0a116970a135305f2298223f261bb4ea428c9f329de2
size 68659
