version https://git-lfs.github.com/spec/v1
oid sha256:32b21f81d243be578a1a241e8c16f186efc87c3a9fe7b1bc015d559238301278
size 71126
