version https://git-lfs.github.com/spec/v1
oid sha256:4b3414e62b680e3ace08213a2058d14420242788bca85c5195dddd1fa2dd4c21
size 15114
