version https://git-lfs.github.com/spec/v1
oid sha256:f9de236194dc77b911a3b48ddaf7d2a8db2fd2ad8def51e0041cb32c37d761e8
size 127727
