version https://git-lfs.github.com/spec/v1
oid sha256:ca805871983e85be92a77531da7554b1002a373abf703a212e02c51662677688
size 44773
