version https://git-lfs.github.com/spec/v1
oid sha256:8763ac7f47d0be9b8731b5f5b1eddd03b0a2687681aba52e332ff8afdf838305
size 36974
