version https://git-lfs.github.com/spec/v1
oid sha256:d4e0fd8b1df9356c766836799c5674c690f4107e9d6a5dc979ba2ec7d7bfa55a
size 98479
