version https://git-lfs.github.com/spec/v1
oid sha256:556ff643dff7fd786aca51a9ff840eceeb076ee8eeb0de8f26f92aa5dd55a462
size 48494
