version https://git-lfs.github.com/spec/v1
oid sha256:0e8c3cc98d0f805af4d20006d3878fd6100c575cf75d6f896d363f4d6338786d
size 67316
