version https://git-lfs.github.com/spec/v1
oid sha256:c3cafcd377aa347ef384d8e3ff414aa6a854faf8a962933179df486adefc76fc
size 104778
