,query_gene,BiGG_gene,score
1,gene_1,STM_v1_0.STM0054,414
2,gene_2,STM_v1_0.STM0055,486
3,gene_3,STM_v1_0.STM0101,302
4,gene_4,STM_v1_0.STM0247,181
5,gene_5,STM_v1_0.STM0380,281
7,gene_7,STM_v1_0.STM0498,60
8,gene_8,STM_v1_0.STM0590,175
10,gene_10,STM_v1_0.STM0643,78
11,gene_11,STM_v1_0.STM0659,276
12,gene_12,STM_v1_0.STM0686,614
13,gene_13,STM_v1_0.STM0774,121
15,gene_15,STM_v1_0.STM0828,100
21,gene_21,STM_v1_0.STM0984,301
22,gene_22,STM_v1_0.STM1221,100
25,gene_25,STM_v1_0.STM1301,43
26,gene_26,STM_v1_0.STM1338,308
27,gene_27,STM_v1_0.STM1358,156
29,gene_29,STM_v1_0.STM1679,108
30,gene_30,STM_v1_0.STM1731,73
31,gene_31,STM_v1_0.STM1780,82
32,gene_32,STM_v1_0.STM1884,145
34,gene_34,STM_v1_0.STM2047,159
36,gene_36,STM_v1_0.STM2082,127
42,gene_42,STM_v1_0.STM2332,169
51,gene_51,STM_v1_0.STM2774,216
55,gene_55,STM_v1_0.STM3002,94
56,gene_56,STM_v1_0.STM3137,488
58,gene_58,STM_v1_0.STM3295,174
59,gene_59,STM_v1_0.STM3351,411
60,gene_60,STM_v1_0.STM3352,486
61,gene_61,STM_v1_0.STM3379,101
62,gene_62,STM_v1_0.STM3380,431
63,gene_63,STM_v1_0.STM3409,217
64,gene_64,STM_v1_0.STM3481,365
65,gene_65,STM_v1_0.STM3482,62
66,gene_66,STM_v1_0.STM3487,110
68,gene_68,STM_v1_0.STM3506,47
69,gene_69,STM_v1_0.STM3514,493
70,gene_70,STM_v1_0.STM3534,663
74,gene_74,STM_v1_0.STM3677,307
78,gene_78,STM_v1_0.STM3731,108
79,gene_79,STM_v1_0.STM3733,186
81,gene_81,STM_v1_0.STM3865,543
83,gene_83,STM_v1_0.STM3884,68
86,gene_86,STM_v1_0.STM3915,119
89,gene_89,STM_v1_0.STM4086,546
92,gene_92,STM_v1_0.STM4388,297
93,gene_93,STM_v1_0.STM4425,105
94,gene_94,STM_v1_0.STM4433,78
96,gene_97,iAF692.Mbar_A0086,231
97,gene_98,iAF692.Mbar_A0171,42
98,gene_99,iAF692.Mbar_A0210,106
99,gene_100,iAF692.Mbar_A0211,456
100,gene_101,iAF692.Mbar_A0218,560
101,gene_102,iAF692.Mbar_A0219,129
102,gene_103,iAF692.Mbar_A0227,551
104,gene_105,iAF692.Mbar_A0408,72
110,gene_111,iAF692.Mbar_A0666,310
111,gene_112,iAF692.Mbar_A0760,223
112,gene_113,iAF692.Mbar_A0762,136
113,gene_114,iAF692.Mbar_A0995,105
114,gene_115,iAF692.Mbar_A1138,138
115,gene_116,iAF692.Mbar_A1195,518
116,gene_117,iAF692.Mbar_A1202,134
118,gene_119,iAF692.Mbar_A1310,189
120,gene_121,iAF692.Mbar_A1452,461
121,gene_122,iAF692.Mbar_A1481,125
122,gene_123,iAF692.Mbar_A1586,494
123,gene_124,iAF692.Mbar_A1587,433
124,gene_125,iAF692.Mbar_A1633,44
125,gene_126,iAF692.Mbar_A1776,49
126,gene_127,iAF692.Mbar_A1781,350
127,gene_128,iAF692.Mbar_A1820,441
129,gene_130,iAF692.Mbar_A2020,62
130,gene_131,iAF692.Mbar_A2069,371
132,gene_133,iAF692.Mbar_A2172,573
138,gene_139,iAF692.Mbar_A2656,196
141,gene_142,iAF692.Mbar_A3182,63
142,gene_143,iAF692.Mbar_A3423,312
143,gene_144,iAF692.Mbar_A3429,300
144,gene_145,iAF692.Mbar_A3463,408
145,gene_146,iAF692.Mbar_A3476,187
146,gene_147,iAF692.Mbar_A3498,399
147,gene_148,iAF692.Mbar_A3503,471
148,gene_149,iAF692.Mbar_A3512,302
151,gene_152,iAF987.Gmet_0043,112
153,gene_154,iAF987.Gmet_0058,555
154,gene_155,iAF987.Gmet_0059,199
156,gene_157,iAF987.Gmet_0069,136
157,gene_158,iAF987.Gmet_0204,318
158,gene_159,iAF987.Gmet_0205,328
159,gene_160,iAF987.Gmet_0209,472
160,gene_161,iAF987.Gmet_0211,278
161,gene_162,iAF987.Gmet_0213,374
162,gene_163,iAF987.Gmet_0354,145
165,gene_166,iAF987.Gmet_0387,188
166,gene_167,iAF987.Gmet_0389,320
167,gene_168,iAF987.Gmet_0406,283
170,gene_171,iAF987.Gmet_0547,221
171,gene_172,iAF987.Gmet_0552,327
172,gene_173,iAF987.Gmet_0602,376
173,gene_174,iAF987.Gmet_0647,209
174,gene_175,iAF987.Gmet_0662,41
176,gene_177,iAF987.Gmet_0816,49
177,gene_178,iAF987.Gmet_0819,499
178,gene_179,iAF987.Gmet_0822,65
181,gene_182,iAF987.Gmet_0870,193
182,gene_183,iAF987.Gmet_0880,116
183,gene_184,iAF987.Gmet_0885,131
185,gene_186,iAF987.Gmet_0928,214
186,gene_187,iAF987.Gmet_0940,682
187,gene_188,iAF987.Gmet_0941,142
189,gene_190,iAF987.Gmet_0984,454
190,gene_191,iAF987.Gmet_0988,55
191,gene_192,iAF987.Gmet_0991,129
192,gene_193,iAF987.Gmet_1043,73
193,gene_194,iAF987.Gmet_1092,129
194,gene_195,iAF987.Gmet_1159,280
195,gene_196,iAF987.Gmet_1162,315
196,gene_197,iAF987.Gmet_1186,545
197,gene_198,iAF987.Gmet_1252,280
199,gene_200,iAF987.Gmet_1256,335
201,gene_202,iAF987.Gmet_1261,106
203,gene_204,iAF987.Gmet_1282,113
204,gene_205,iAF987.Gmet_1300,287
205,gene_206,iAF987.Gmet_1306,39
206,gene_207,iAF987.Gmet_1307,355
207,gene_208,iAF987.Gmet_1308,318
208,gene_209,iAF987.Gmet_1350,60
209,gene_210,iAF987.Gmet_1353,378
211,gene_212,iAF987.Gmet_1377,100
212,gene_213,iAF987.Gmet_1415,287
213,gene_214,iAF987.Gmet_1416,308
215,gene_216,iAF987.Gmet_1434,413
216,gene_217,iAF987.Gmet_1558,314
218,gene_219,iAF987.Gmet_1599,245
219,gene_220,iAF987.Gmet_1601,239
220,gene_221,iAF987.Gmet_1603,438
221,gene_222,iAF987.Gmet_1605,528
223,gene_224,iAF987.Gmet_1622,119
224,gene_225,iAF987.Gmet_1629,261
225,gene_226,iAF987.Gmet_1640,265
226,gene_227,iAF987.Gmet_1671,138
227,gene_228,iAF987.Gmet_1676,536
229,gene_230,iAF987.Gmet_1706,80
230,gene_231,iAF987.Gmet_1736,178
234,gene_235,iAF987.Gmet_1762,221
235,gene_236,iAF987.Gmet_1770,368
236,gene_237,iAF987.Gmet_1818,446
239,gene_240,iAF987.Gmet_1825,446
240,gene_241,iAF987.Gmet_1826,164
241,gene_242,iAF987.Gmet_1827,606
242,gene_243,iAF987.Gmet_1841,304
244,gene_245,iAF987.Gmet_1844,320
246,gene_247,iAF987.Gmet_1875,127
247,gene_248,iAF987.Gmet_1880,394
248,gene_249,iAF987.Gmet_1888,158
249,gene_250,iAF987.Gmet_1889,173
250,gene_251,iAF987.Gmet_1903,109
251,gene_252,iAF987.Gmet_1913,361
252,gene_253,iAF987.Gmet_1914,70
254,gene_255,iAF987.Gmet_1919,70
255,gene_256,iAF987.Gmet_1934,484
256,gene_257,iAF987.Gmet_1935,229
257,gene_258,iAF987.Gmet_1939,419
258,gene_259,iAF987.Gmet_1986,200
259,gene_260,iAF987.Gmet_1987,179
260,gene_261,iAF987.Gmet_1991,76
262,gene_263,iAF987.Gmet_2349,321
264,gene_265,iAF987.Gmet_2352,70
266,gene_267,iAF987.Gmet_2372,455
268,gene_269,iAF987.Gmet_2391,448
269,gene_270,iAF987.Gmet_2417,129
271,gene_272,iAF987.Gmet_2444,50
274,gene_275,iAF987.Gmet_2493,489
277,gene_278,iAF987.Gmet_2638,654
278,gene_279,iAF987.Gmet_2673,353
282,gene_283,iAF987.Gmet_2822,494
283,gene_284,iAF987.Gmet_2903,134
284,gene_285,iAF987.Gmet_2904,408
285,gene_286,iAF987.Gmet_2908,285
286,gene_287,iAF987.Gmet_2992,256
287,gene_288,iAF987.Gmet_2999,179
288,gene_289,iAF987.Gmet_3012,81
290,gene_291,iAF987.Gmet_3133,105
291,gene_292,iAF987.Gmet_3171,84
294,gene_295,iAF987.Gmet_3200,123
295,gene_296,iAF987.Gmet_3203,581
296,gene_297,iAF987.Gmet_3241,48
298,gene_299,iAF987.Gmet_3259,169
299,gene_300,iAF987.Gmet_3260,333
301,gene_302,iAF987.Gmet_3339,289
302,gene_303,iAF987.Gmet_3406,576
303,gene_304,iAF987.Gmet_3408,524
304,gene_305,iAF987.Gmet_3470,105
307,gene_308,iAF987.Gmet_3524,123
308,gene_309,iAF987.Gmet_3535,213
310,gene_311,iAM_Pb448.PBANKA_112620,82
312,gene_313,iAM_Pb448.PBANKA_146280,80
317,gene_318,iAM_Pc455.PCYB_147430,92
320,gene_321,iAM_Pv461.PVX_001880,41
325,gene_326,iAM_Pv461.PVX_101390,97
329,gene_330,iAT_PLT_636.3418,444
330,gene_331,iAT_PLT_636.4905,134
331,gene_332,iAT_PLT_636.506,543
333,gene_334,iCHOv1.100682535,278
334,gene_335,iCHOv1.100751291,74
338,gene_339,iCHOv1.100753544,75
339,gene_340,iCHOv1.100754659,103
340,gene_341,iCHOv1.100754792,370
342,gene_343,iCHOv1.100756666,177
343,gene_344,iCHOv1.100757350,676
344,gene_345,iCHOv1.100757665,43
348,gene_349,iCHOv1.100761226,112
350,gene_351,iCHOv1.100762480,275
351,gene_352,iCHOv1.100763024,544
352,gene_353,iCHOv1.100769146,58
354,gene_355,iCHOv1.100769585,45
355,gene_356,iCHOv1.100770679,152
359,gene_360,iCHOv1.103158535,444
360,gene_361,iCN718.ABAYE_RS01735,300
361,gene_362,iCN718.ABAYE_RS02010,108
362,gene_363,iCN718.ABAYE_RS03565,67
364,gene_365,iCN718.ABAYE_RS04335,254
366,gene_367,iCN718.ABAYE_RS04630,635
367,gene_368,iCN718.ABAYE_RS04905,348
371,gene_372,iCN718.ABAYE_RS08040,107
372,gene_373,iCN718.ABAYE_RS12975,42
373,gene_374,iCN718.ABAYE_RS13810,523
374,gene_375,iCN718.ABAYE_RS13825,211
375,gene_376,iCN718.ABAYE_RS13845,67
378,gene_379,iCN718.ABAYE_RS14580,117
379,gene_380,iCN718.ABAYE_RS14895,119
384,gene_385,iCN718.ABAYE_RS17470,449
385,gene_386,iCN718.ABAYE_RS17565,261
387,gene_388,iCN718.ABAYE_RS18625,54
390,gene_391,iCN900.CD630_00480,194
391,gene_392,iCN900.CD630_00500,552
392,gene_393,iCN900.CD630_00520,317
393,gene_394,iCN900.CD630_00540,288
394,gene_395,iCN900.CD630_00910,223
395,gene_396,iCN900.CD630_01000,298
396,gene_397,iCN900.CD630_01010,259
397,gene_398,iCN900.CD630_01020,257
398,gene_399,iCN900.CD630_01030,159
399,gene_400,iCN900.CD630_01080,798
400,gene_401,iCN900.CD630_01160,385
401,gene_402,iCN900.CD630_01180,164
402,gene_403,iCN900.CD630_01190,424
404,gene_405,iCN900.CD630_01230,347
405,gene_406,iCN900.CD630_01300,522
406,gene_407,iCN900.CD630_01840,365
407,gene_408,iCN900.CD630_01860,304
408,gene_409,iCN900.CD630_01980,647
409,gene_410,iCN900.CD630_02180,137
412,gene_413,iCN900.CD630_02210,328
413,gene_414,iCN900.CD630_02220,168
414,gene_415,iCN900.CD630_02240,391
415,gene_416,iCN900.CD630_02250,1392
416,gene_417,iCN900.CD630_02510,436
419,gene_420,iCN900.CD630_03130,674
420,gene_421,iCN900.CD630_03340,1212
421,gene_422,iCN900.CD630_03960,114
422,gene_423,iCN900.CD630_04420,89
423,gene_424,iCN900.CD630_05740,761
426,gene_427,iCN900.CD630_06960,286
427,gene_428,iCN900.CD630_06990,280
428,gene_429,iCN900.CD630_07170,51
429,gene_430,iCN900.CD630_07180,714
430,gene_431,iCN900.CD630_07510,155
431,gene_432,iCN900.CD630_07520,319
432,gene_433,iCN900.CD630_07530,281
433,gene_434,iCN900.CD630_07540,317
434,gene_435,iCN900.CD630_08330,808
435,gene_436,iCN900.CD630_08410,642
436,gene_437,iCN900.CD630_08680,48
437,gene_438,iCN900.CD630_08820,426
438,gene_439,iCN900.CD630_08840,417
439,gene_440,iCN900.CD630_08850,736
440,gene_441,iCN900.CD630_08930,306
441,gene_442,iCN900.CD630_08940,291
442,gene_443,iCN900.CD630_09000,114
443,gene_444,iCN900.CD630_09270,103
444,gene_445,iCN900.CD630_09890,627
446,gene_447,iCN900.CD630_09910,224
447,gene_448,iCN900.CD630_09920,390
448,gene_449,iCN900.CD630_10030,290
449,gene_450,iCN900.CD630_10050,437
450,gene_451,iCN900.CD630_10100,241
451,gene_452,iCN900.CD630_10110,257
452,gene_453,iCN900.CD630_10240,421
453,gene_454,iCN900.CD630_10250,258
454,gene_455,iCN900.CD630_10260,227
455,gene_456,iCN900.CD630_10270,293
457,gene_458,iCN900.CD630_10600,143
460,gene_461,iCN900.CD630_11530,145
461,gene_462,iCN900.CD630_11780,252
463,gene_464,iCN900.CD630_11800,339
464,gene_465,iCN900.CD630_11820,247
465,gene_466,iCN900.CD630_12050,219
470,gene_471,iCN900.CD630_12260,112
471,gene_472,iCN900.CD630_12790,454
472,gene_473,iCN900.CD630_12820,891
473,gene_474,iCN900.CD630_13150,157
474,gene_475,iCN900.CD630_13270,148
475,gene_476,iCN900.CD630_13340,582
476,gene_477,iCN900.CD630_13530,167
477,gene_478,iCN900.CD630_13820,511
478,gene_479,iCN900.CD630_14490,232
479,gene_480,iCN900.CD630_14500,180
481,gene_482,iCN900.CD630_14770,77
482,gene_483,iCN900.CD630_14780,101
483,gene_484,iCN900.CD630_14790,719
485,gene_486,iCN900.CD630_14950,279
486,gene_487,iCN900.CD630_15170,640
487,gene_488,iCN900.CD630_15360,292
488,gene_489,iCN900.CD630_15370,570
489,gene_490,iCN900.CD630_15490,176
491,gene_492,iCN900.CD630_15540,107
493,gene_494,iCN900.CD630_15770,453
494,gene_495,iCN900.CD630_15800,258
496,gene_497,iCN900.CD630_15950,198
498,gene_499,iCN900.CD630_16140,149
500,gene_501,iCN900.CD630_16260,369
501,gene_502,iCN900.CD630_16550,268
502,gene_503,iCN900.CD630_16590,689
503,gene_504,iCN900.CD630_16740,205
505,gene_506,iCN900.CD630_17290,342
507,gene_508,iCN900.CD630_17760,107
508,gene_509,iCN900.CD630_17850,469
509,gene_510,iCN900.CD630_18060,171
511,gene_512,iCN900.CD630_18140,55
512,gene_513,iCN900.CD630_18240,601
513,gene_514,iCN900.CD630_18250,491
514,gene_515,iCN900.CD630_18320,402
515,gene_516,iCN900.CD630_18330,296
516,gene_517,iCN900.CD630_18340,268
517,gene_518,iCN900.CD630_18350,381
518,gene_519,iCN900.CD630_18360,191
519,gene_520,iCN900.CD630_18370,130
520,gene_521,iCN900.CD630_18390,168
523,gene_524,iCN900.CD630_19470,345
524,gene_525,iCN900.CD630_20140,352
525,gene_526,iCN900.CD630_20200,675
527,gene_528,iCN900.CD630_20320,332
528,gene_529,iCN900.CD630_20330,417
529,gene_530,iCN900.CD630_20500,181
530,gene_531,iCN900.CD630_20530,370
531,gene_532,iCN900.CD630_20590,649
533,gene_534,iCN900.CD630_21150,734
534,gene_535,iCN900.CD630_21170,243
535,gene_536,iCN900.CD630_21180,445
536,gene_537,iCN900.CD630_21190,228
537,gene_538,iCN900.CD630_21240,125
538,gene_539,iCN900.CD630_21280,386
539,gene_540,iCN900.CD630_21300,373
540,gene_541,iCN900.CD630_21350,131
541,gene_542,iCN900.CD630_21360,231
542,gene_543,iCN900.CD630_21380,276
543,gene_544,iCN900.CD630_21550,348
544,gene_545,iCN900.CD630_21560,453
545,gene_546,iCN900.CD630_22170,152
546,gene_547,iCN900.CD630_22450,635
547,gene_548,iCN900.CD630_22560,300
548,gene_549,iCN900.CD630_22700,209
549,gene_550,iCN900.CD630_22760,199
550,gene_551,iCN900.CD630_22780,295
551,gene_552,iCN900.CD630_23180,467
552,gene_553,iCN900.CD630_23200,149
553,gene_554,iCN900.CD630_23210,347
554,gene_555,iCN900.CD630_23220,313
556,gene_557,iCN900.CD630_23560,247
557,gene_558,iCN900.CD630_23770,102
558,gene_559,iCN900.CD630_24100,1065
561,gene_562,iCN900.CD630_24590,209
562,gene_563,iCN900.CD630_24930,80
567,gene_568,iCN900.CD630_25770,206
569,gene_570,iCN900.CD630_25870,358
570,gene_571,iCN900.CD630_25880,193
571,gene_572,iCN900.CD630_25960,313
572,gene_573,iCN900.CD630_26100,342
573,gene_574,iCN900.CD630_26230,164
575,gene_576,iCN900.CD630_26510,246
576,gene_577,iCN900.CD630_26540,223
577,gene_578,iCN900.CD630_26550,240
578,gene_579,iCN900.CD630_26820,1385
579,gene_580,iCN900.CD630_26910,180
580,gene_581,iCN900.CD630_26950,382
581,gene_582,iCN900.CD630_26960,303
582,gene_583,iCN900.CD630_27140,459
583,gene_584,iCN900.CD630_27150,286
584,gene_585,iCN900.CD630_27260,533
585,gene_586,iCN900.CD630_27330,279
586,gene_587,iCN900.CD630_27390,647
587,gene_588,iCN900.CD630_27410,269
589,gene_590,iCN900.CD630_27440,630
590,gene_591,iCN900.CD630_27550,400
591,gene_592,iCN900.CD630_27800,479
592,gene_593,iCN900.CD630_28320,301
593,gene_594,iCN900.CD630_28680,80
595,gene_596,iCN900.CD630_29540,240
596,gene_597,iCN900.CD630_29550,714
597,gene_598,iCN900.CD630_29560,811
598,gene_599,iCN900.CD630_29561,108
599,gene_600,iCN900.CD630_29570,168
600,gene_601,iCN900.CD630_29590,150
601,gene_602,iCN900.CD630_29600,303
602,gene_603,iCN900.CD630_29660,1220
603,gene_604,iCN900.CD630_30650,638
605,gene_606,iCN900.CD630_31690,276
606,gene_607,iCN900.CD630_31700,459
607,gene_608,iCN900.CD630_31710,593
608,gene_609,iCN900.CD630_31720,258
609,gene_610,iCN900.CD630_31730,460
610,gene_611,iCN900.CD630_31740,419
611,gene_612,iCN900.CD630_31890,51
612,gene_613,iCN900.CD630_31950,521
613,gene_614,iCN900.CD630_32150,112
614,gene_615,iCN900.CD630_32220,365
616,gene_617,iCN900.CD630_32250,259
617,gene_618,iCN900.CD630_32530,291
618,gene_619,iCN900.CD630_32560,1002
619,gene_620,iCN900.CD630_32580,137
620,gene_621,iCN900.CD630_32610,355
622,gene_623,iCN900.CD630_32630,221
623,gene_624,iCN900.CD630_32680,191
625,gene_626,iCN900.CD630_32740,45
626,gene_627,iCN900.CD630_32810,256
627,gene_628,iCN900.CD630_32850,569
628,gene_629,iCN900.CD630_32860,226
629,gene_630,iCN900.CD630_33080,127
630,gene_631,iCN900.CD630_33500,392
632,gene_633,iCN900.CD630_33950,336
633,gene_634,iCN900.CD630_34020,231
634,gene_635,iCN900.CD630_34030,79
635,gene_636,iCN900.CD630_34050,149
636,gene_637,iCN900.CD630_34060,780
637,gene_638,iCN900.CD630_34070,546
638,gene_639,iCN900.CD630_34150,103
640,gene_641,iCN900.CD630_34360,75
641,gene_642,iCN900.CD630_34400,157
642,gene_643,iCN900.CD630_34590,331
643,gene_644,iCN900.CD630_34600,325
644,gene_645,iCN900.CD630_34630,286
645,gene_646,iCN900.CD630_34680,581
646,gene_647,iCN900.CD630_34690,180
647,gene_648,iCN900.CD630_34700,643
649,gene_650,iCN900.CD630_34770,113
650,gene_651,iCN900.CD630_34790,287
651,gene_652,iCN900.CD630_34800,147
652,gene_653,iCN900.CD630_34880,298
653,gene_654,iCN900.CD630_35170,45
654,gene_655,iCN900.CD630_35180,342
656,gene_657,iCN900.CD630_35500,189
658,gene_659,iCN900.CD630_35520,568
659,gene_660,iCN900.CD630_35550,197
661,gene_662,iCN900.CD630_35620,204
662,gene_663,iCN900.CD630_35770,57
663,gene_664,iCN900.CD630_35880,1165
664,gene_665,iCN900.CD630_35890,314
665,gene_666,iCN900.CD630_35900,1163
668,gene_669,iCN900.CD630_36550,360
669,gene_670,iCN900.CD630_36640,303
670,gene_671,iCN900.CD630_36700,248
671,gene_672,iEK1008.Rv0018c,127
672,gene_673,iEK1008.Rv0073,135
673,gene_674,iEK1008.Rv0125,114
674,gene_675,iEK1008.Rv0183,104
676,gene_677,iEK1008.Rv0211,596
678,gene_679,iEK1008.Rv0357c,340
679,gene_680,iEK1008.Rv0684,835
681,gene_682,iEK1008.Rv1023,442
683,gene_684,iEK1008.Rv1288,55
684,gene_685,iEK1008.Rv1310,541
685,gene_686,iEK1008.Rv1326c,591
686,gene_687,iEK1008.Rv1348,276
689,gene_690,iEK1008.Rv1400c,158
690,gene_691,iEK1008.Rv1408,169
692,gene_693,iEK1008.Rv1712,154
693,gene_694,iEK1008.Rv2039c,99
696,gene_697,iEK1008.Rv2045c,158
697,gene_698,iEK1008.Rv2284,48
698,gene_699,iEK1008.Rv2316,95
699,gene_700,iEK1008.Rv2317,112
700,gene_701,iEK1008.Rv2334,354
701,gene_702,iEK1008.Rv2388c,208
702,gene_703,iEK1008.Rv2397c,110
703,gene_704,iEK1008.Rv2564,127
704,gene_705,iEK1008.Rv2581c,57
710,gene_711,iEK1008.Rv2936,101
712,gene_713,iEK1008.Rv2981c,275
713,gene_714,iEK1008.Rv2984,523
717,gene_718,iEK1008.Rv3275c,135
718,gene_719,iEK1008.Rv3285,45
721,gene_722,iEK1008.Rv3709c,369
724,gene_725,iHN637.CLJU_RS00590,261
725,gene_726,iHN637.CLJU_RS00595,568
727,gene_728,iHN637.CLJU_RS00680,182
728,gene_729,iHN637.CLJU_RS00770,186
729,gene_730,iHN637.CLJU_RS00840,669
730,gene_731,iHN637.CLJU_RS00915,87
731,gene_732,iHN637.CLJU_RS00920,1210
732,gene_733,iHN637.CLJU_RS01030,201
733,gene_734,iHN637.CLJU_RS01055,261
734,gene_735,iHN637.CLJU_RS01075,668
735,gene_736,iHN637.CLJU_RS01130,145
736,gene_737,iHN637.CLJU_RS01135,284
737,gene_738,iHN637.CLJU_RS01180,628
738,gene_739,iHN637.CLJU_RS01190,568
740,gene_741,iHN637.CLJU_RS01260,543
741,gene_742,iHN637.CLJU_RS01300,570
742,gene_743,iHN637.CLJU_RS01315,127
743,gene_744,iHN637.CLJU_RS01390,182
744,gene_745,iHN637.CLJU_RS01495,313
745,gene_746,iHN637.CLJU_RS01500,357
746,gene_747,iHN637.CLJU_RS01560,207
747,gene_748,iHN637.CLJU_RS01590,354
748,gene_749,iHN637.CLJU_RS02030,468
749,gene_750,iHN637.CLJU_RS02100,257
750,gene_751,iHN637.CLJU_RS02150,325
751,gene_752,iHN637.CLJU_RS02155,1150
752,gene_753,iHN637.CLJU_RS02360,172
754,gene_755,iHN637.CLJU_RS02400,46
758,gene_759,iHN637.CLJU_RS02945,234
759,gene_760,iHN637.CLJU_RS02950,420
761,gene_762,iHN637.CLJU_RS03130,101
762,gene_763,iHN637.CLJU_RS03255,841
765,gene_766,iHN637.CLJU_RS03295,462
766,gene_767,iHN637.CLJU_RS03300,441
767,gene_768,iHN637.CLJU_RS03400,558
768,gene_769,iHN637.CLJU_RS03520,265
769,gene_770,iHN637.CLJU_RS03525,233
771,gene_772,iHN637.CLJU_RS03645,114
773,gene_774,iHN637.CLJU_RS04010,1169
774,gene_775,iHN637.CLJU_RS04215,415
775,gene_776,iHN637.CLJU_RS04220,344
776,gene_777,iHN637.CLJU_RS04225,161
781,gene_782,iHN637.CLJU_RS04605,1442
782,gene_783,iHN637.CLJU_RS04950,264
783,gene_784,iHN637.CLJU_RS05190,327
784,gene_785,iHN637.CLJU_RS05200,219
785,gene_786,iHN637.CLJU_RS05255,165
786,gene_787,iHN637.CLJU_RS05270,313
787,gene_788,iHN637.CLJU_RS05470,487
790,gene_791,iHN637.CLJU_RS05525,251
791,gene_792,iHN637.CLJU_RS05570,327
792,gene_793,iHN637.CLJU_RS05575,213
793,gene_794,iHN637.CLJU_RS05580,95
794,gene_795,iHN637.CLJU_RS05585,180
795,gene_796,iHN637.CLJU_RS05590,179
796,gene_797,iHN637.CLJU_RS05595,127
797,gene_798,iHN637.CLJU_RS05640,494
798,gene_799,iHN637.CLJU_RS05660,1363
799,gene_800,iHN637.CLJU_RS05725,250
800,gene_801,iHN637.CLJU_RS05730,458
801,gene_802,iHN637.CLJU_RS05735,206
802,gene_803,iHN637.CLJU_RS05740,178
803,gene_804,iHN637.CLJU_RS05745,253
804,gene_805,iHN637.CLJU_RS05755,315
805,gene_806,iHN637.CLJU_RS05765,100
807,gene_808,iHN637.CLJU_RS05810,184
808,gene_809,iHN637.CLJU_RS05895,283
809,gene_810,iHN637.CLJU_RS06095,363
811,gene_812,iHN637.CLJU_RS06155,342
812,gene_813,iHN637.CLJU_RS06240,164
813,gene_814,iHN637.CLJU_RS06265,434
814,gene_815,iHN637.CLJU_RS06280,243
815,gene_816,iHN637.CLJU_RS06285,84
816,gene_817,iHN637.CLJU_RS06400,296
817,gene_818,iHN637.CLJU_RS06410,248
818,gene_819,iHN637.CLJU_RS06430,337
819,gene_820,iHN637.CLJU_RS06465,156
820,gene_821,iHN637.CLJU_RS06515,114
821,gene_822,iHN637.CLJU_RS06565,627
822,gene_823,iHN637.CLJU_RS06575,548
823,gene_824,iHN637.CLJU_RS06595,615
824,gene_825,iHN637.CLJU_RS06855,45
825,gene_826,iHN637.CLJU_RS06865,50
826,gene_827,iHN637.CLJU_RS07005,428
828,gene_829,iHN637.CLJU_RS07205,577
829,gene_830,iHN637.CLJU_RS07210,741
830,gene_831,iHN637.CLJU_RS07215,154
831,gene_832,iHN637.CLJU_RS07240,419
832,gene_833,iHN637.CLJU_RS07805,113
833,gene_834,iHN637.CLJU_RS08095,1152
835,gene_836,iHN637.CLJU_RS08485,64
836,gene_837,iHN637.CLJU_RS08540,247
837,gene_838,iHN637.CLJU_RS08700,687
839,gene_840,iHN637.CLJU_RS08905,125
841,gene_842,iHN637.CLJU_RS08925,422
842,gene_843,iHN637.CLJU_RS09955,130
845,gene_846,iHN637.CLJU_RS10015,376
846,gene_847,iHN637.CLJU_RS10025,95
847,gene_848,iHN637.CLJU_RS10115,203
850,gene_851,iHN637.CLJU_RS10465,414
851,gene_852,iHN637.CLJU_RS10560,338
852,gene_853,iHN637.CLJU_RS10565,333
853,gene_854,iHN637.CLJU_RS10570,353
854,gene_855,iHN637.CLJU_RS10575,360
857,gene_858,iHN637.CLJU_RS10680,97
858,gene_859,iHN637.CLJU_RS11425,174
861,gene_862,iHN637.CLJU_RS11570,50
862,gene_863,iHN637.CLJU_RS11970,371
863,gene_864,iHN637.CLJU_RS12040,81
864,gene_865,iHN637.CLJU_RS12495,421
866,gene_867,iHN637.CLJU_RS13140,172
867,gene_868,iHN637.CLJU_RS13170,595
868,gene_869,iHN637.CLJU_RS13735,258
871,gene_872,iHN637.CLJU_RS14190,150
872,gene_873,iHN637.CLJU_RS14370,189
873,gene_874,iHN637.CLJU_RS14375,372
874,gene_875,iHN637.CLJU_RS14380,269
875,gene_876,iHN637.CLJU_RS14390,161
876,gene_877,iHN637.CLJU_RS14395,426
877,gene_878,iHN637.CLJU_RS14475,1331
880,gene_881,iHN637.CLJU_RS15095,363
881,gene_882,iHN637.CLJU_RS15830,285
883,gene_884,iHN637.CLJU_RS16355,454
884,gene_885,iHN637.CLJU_RS16615,642
885,gene_886,iHN637.CLJU_RS16730,242
886,gene_887,iHN637.CLJU_RS16855,306
887,gene_888,iHN637.CLJU_RS16970,291
888,gene_889,iHN637.CLJU_RS17035,227
889,gene_890,iHN637.CLJU_RS17040,275
890,gene_891,iHN637.CLJU_RS17105,1025
893,gene_894,iHN637.CLJU_RS17575,319
894,gene_895,iHN637.CLJU_RS17585,201
895,gene_896,iHN637.CLJU_RS17590,152
896,gene_897,iHN637.CLJU_RS17595,386
897,gene_898,iHN637.CLJU_RS18285,549
898,gene_899,iHN637.CLJU_RS18300,665
899,gene_900,iHN637.CLJU_RS18305,636
900,gene_901,iHN637.CLJU_RS18325,295
901,gene_902,iHN637.CLJU_RS18335,600
903,gene_904,iHN637.CLJU_RS18540,715
904,gene_905,iHN637.CLJU_RS18870,394
906,gene_907,iHN637.CLJU_RS18940,449
907,gene_908,iHN637.CLJU_RS19255,475
908,gene_909,iHN637.CLJU_RS19260,589
909,gene_910,iHN637.CLJU_RS19265,264
910,gene_911,iHN637.CLJU_RS19270,482
911,gene_912,iHN637.CLJU_RS19350,210
912,gene_913,iHN637.CLJU_RS19425,191
913,gene_914,iHN637.CLJU_RS19615,211
914,gene_915,iHN637.CLJU_RS19905,701
915,gene_916,iHN637.CLJU_RS19915,441
916,gene_917,iHN637.CLJU_RS19935,117
917,gene_918,iHN637.CLJU_RS19990,185
918,gene_919,iHN637.CLJU_RS19995,311
919,gene_920,iHN637.CLJU_RS20110,224
921,gene_922,iHN637.CLJU_RS20420,412
922,gene_923,iHN637.CLJU_RS20455,191
923,gene_924,iHN637.CLJU_RS20465,186
924,gene_925,iHN637.CLJU_RS20600,318
925,gene_926,iHN637.CLJU_RS20680,474
926,gene_927,iHN637.CLJU_RS20735,315
927,gene_928,iHN637.CLJU_RS20740,293
928,gene_929,iHN637.CLJU_RS20745,471
929,gene_930,iHN637.CLJU_RS20750,98
931,gene_932,iHN637.CLJU_RS20760,436
932,gene_933,iHN637.CLJU_RS20765,229
933,gene_934,iHN637.CLJU_RS20770,197
934,gene_935,iHN637.CLJU_RS20775,346
935,gene_936,iHN637.CLJU_RS20780,248
936,gene_937,iHN637.CLJU_RS20860,340
939,gene_940,iHN637.CLJU_RS20995,372
941,gene_942,iIT341.HP0380,522
942,gene_943,iIT341.HP0620,137
943,gene_944,iIT341.HP0824,114
945,gene_946,iIT341.HP1099,149
946,gene_947,iIT341.HP1132,554
947,gene_948,iIT341.HP1134,505
948,gene_949,iIT341.HP1171,102
950,gene_951,iIT341.HP1576,181
952,gene_953,iJN1463.PP_0065,203
954,gene_955,iJN1463.PP_0114,168
955,gene_956,iJN1463.PP_0184,436
958,gene_959,iJN1463.PP_0293,304
959,gene_960,iJN1463.PP_0391,100
960,gene_961,iJN1463.PP_0416,101
963,gene_964,iJN1463.PP_0552,190
966,gene_967,iJN1463.PP_0675,537
968,gene_969,iJN1463.PP_0833,348
969,gene_970,iJN1463.PP_0840,189
970,gene_971,iJN1463.PP_0843,140
972,gene_973,iJN1463.PP_0953,99
973,gene_974,iJN1463.PP_0964,332
974,gene_975,iJN1463.PP_1017,84
976,gene_977,iJN1463.PP_1025,581
977,gene_978,iJN1463.PP_1075,545
979,gene_980,iJN1463.PP_1138,230
981,gene_982,iJN1463.PP_1280,296
982,gene_983,iJN1463.PP_1336,153
986,gene_987,iJN1463.PP_1612,437
992,gene_993,iJN1463.PP_1768,355
994,gene_995,iJN1463.PP_1877,161
999,gene_1000,iJN1463.PP_2469,281
1000,gene_1001,iJN1463.PP_2470,300
1004,gene_1005,iJN1463.PP_2800,346
1005,gene_1006,iJN1463.PP_2904,607
1007,gene_1008,iJN1463.PP_3461,146
1009,gene_1010,iJN1463.PP_3598,96
1010,gene_1011,iJN1463.PP_3802,103
1012,gene_1013,iJN1463.PP_4000,244
1013,gene_1014,iJN1463.PP_4058,602
1014,gene_1015,iJN1463.PP_4210,210
1015,gene_1016,iJN1463.PP_4213,72
1017,gene_1018,iJN1463.PP_4473,365
1018,gene_1019,iJN1463.PP_4653,359
1022,gene_1023,iJN1463.PP_4803,164
1023,gene_1024,iJN1463.PP_4893,280
1024,gene_1025,iJN1463.PP_4903,145
1025,gene_1026,iJN1463.PP_4935,306
1030,gene_1031,iJN1463.PP_5137,105
1031,gene_1032,iJN1463.PP_5168,124
1032,gene_1033,iJN1463.PP_5217,511
1034,gene_1035,iJN1463.PP_5291,171
1035,gene_1036,iJN1463.PP_5315,70
1036,gene_1037,iJN1463.PP_5346,486
1037,gene_1038,iJN1463.PP_5413,534
1040,gene_1041,iLB1027_lipid.PHATRDRAFT_54086,538
1041,gene_1042,iLB1027_lipid.PHATRDRAFT_6834,46
1042,gene_1043,iLJ478.TM0010,744
1043,gene_1044,iLJ478.TM0012,155
1045,gene_1046,iLJ478.TM0040,184
1052,gene_1053,iLJ478.TM0076,301
1053,gene_1054,iLJ478.TM0108,343
1055,gene_1056,iLJ478.TM0168,784
1057,gene_1058,iLJ478.TM0201,531
1058,gene_1059,iLJ478.TM0239,199
1060,gene_1061,iLJ478.TM0274,462
1061,gene_1062,iLJ478.TM0282,243
1063,gene_1064,iLJ478.TM0298,184
1067,gene_1068,iLJ478.TM0306,159
1070,gene_1071,iLJ478.TM0402,363
1072,gene_1073,iLJ478.TM0446,149
1073,gene_1074,iLJ478.TM0539,453
1078,gene_1079,iLJ478.TM0720,494
1079,gene_1080,iLJ478.TM0741,152
1080,gene_1081,iLJ478.TM0751,181
1081,gene_1082,iLJ478.TM0804,94
1082,gene_1083,iLJ478.TM0819,321
1085,gene_1086,iLJ478.TM0869,253
1086,gene_1087,iLJ478.TM0877,445
1088,gene_1089,iLJ478.TM0881,364
1092,gene_1093,iLJ478.TM0954,270
1097,gene_1098,iLJ478.TM1088,139
1098,gene_1099,iLJ478.TM1090,383
1101,gene_1102,iLJ478.TM1148,463
1102,gene_1103,iLJ478.TM1161,254
1103,gene_1104,iLJ478.TM1193,553
1109,gene_1110,iLJ478.TM1376,101
1110,gene_1111,iLJ478.TM1379,263
1111,gene_1112,iLJ478.TM1384,45
1113,gene_1114,iLJ478.TM1426,73
1114,gene_1115,iLJ478.TM1430,566
1115,gene_1116,iLJ478.TM1432,350
1116,gene_1117,iLJ478.TM1433,310
1119,gene_1120,iLJ478.TM1469,189
1121,gene_1122,iLJ478.TM1610,545
1122,gene_1123,iLJ478.TM1612,530
1123,gene_1124,iLJ478.TM1624,389
1124,gene_1125,iLJ478.TM1662,153
1125,gene_1126,iLJ478.TM1724,219
1128,gene_1129,iLJ478.TM1785,323
1129,gene_1130,iML1515.b0061,304
1130,gene_1131,iML1515.b0089,140
1132,gene_1133,iML1515.b0199,180
1133,gene_1134,iML1515.b0344,516
1134,gene_1135,iML1515.b0355,61
1135,gene_1136,iML1515.b0366,103
1136,gene_1137,iML1515.b0381,278
1141,gene_1142,iML1515.b0590,219
1143,gene_1144,iML1515.b0650,259
1147,gene_1148,iML1515.b0809,175
1151,gene_1152,iML1515.b0914,328
1152,gene_1153,iML1515.b1010,61
1154,gene_1155,iML1515.b1103,95
1156,gene_1157,iML1515.b1134,43
1157,gene_1158,iML1515.b1207,85
1158,gene_1159,iML1515.b1243,103
1159,gene_1160,iML1515.b1329,107
1162,gene_1163,iML1515.b1519,207
1163,gene_1164,iML1515.b1617,107
1166,gene_1167,iML1515.b1693,151
1167,gene_1168,iML1515.b1759,45
1169,gene_1170,iML1515.b1771,105
1170,gene_1171,iML1515.b1821,113
1171,gene_1172,iML1515.b1832,169
1172,gene_1173,iML1515.b1850,160
1173,gene_1174,iML1515.b1856,68
1174,gene_1175,iML1515.b1858,94
1176,gene_1177,iML1515.b1985,178
1177,gene_1178,iML1515.b2037,66
1179,gene_1180,iML1515.b2047,131
1182,gene_1183,iML1515.b2254,127
1183,gene_1184,iML1515.b2291,177
1185,gene_1186,iML1515.b2411,514
1189,gene_1190,iML1515.b2529,133
1194,gene_1195,iML1515.b2700,124
1197,gene_1198,iML1515.b2924,142
1200,gene_1201,iML1515.b3092,455
1202,gene_1203,iML1515.b3201,122
1203,gene_1204,iML1515.b3248,118
1204,gene_1205,iML1515.b3255,105
1205,gene_1206,iML1515.b3256,433
1206,gene_1207,iML1515.b3290,212
1208,gene_1209,iML1515.b3385,51
1209,gene_1210,iML1515.b3390,39
1211,gene_1212,iML1515.b3409,47
1213,gene_1214,iML1515.b3417,508
1214,gene_1215,iML1515.b3428,666
1218,gene_1219,iML1515.b3590,75
1221,gene_1222,iML1515.b3640,117
1222,gene_1223,iML1515.b3642,185
1223,gene_1224,iML1515.b3656,815
1224,gene_1225,iML1515.b3697,86
1226,gene_1227,iML1515.b3732,543
1228,gene_1229,iML1515.b3751,62
1230,gene_1231,iML1515.b3781,114
1233,gene_1234,iML1515.b3885,44
1236,gene_1237,iML1515.b3926,546
1240,gene_1241,iML1515.b4161,134
1241,gene_1242,iML1515.b4167,202
1242,gene_1243,iML1515.b4173,277
1244,gene_1245,iML1515.b4198,293
1245,gene_1246,iML1515.b4287,162
1247,gene_1248,iML1515.b4358,188
1248,gene_1249,iML1515.b4374,118
1251,gene_1252,iMM1415.11303,117
1252,gene_1253,iMM1415.11423,145
1255,gene_1256,iMM1415.11946,487
1256,gene_1257,iMM1415.11947,544
1257,gene_1258,iMM1415.12709,90
1261,gene_1262,iMM1415.15487,79
1264,gene_1265,iMM1415.18195,149
1266,gene_1267,iMM1415.19309,678
1267,gene_1268,iMM1415.269951,442
1268,gene_1269,iMM1415.436059,196
1270,gene_1271,iMM1415.66401,61
1271,gene_1272,iMM1415.66646,183
1277,gene_1278,iMM904.YBR034C,44
1279,gene_1280,iMM904.YDR158W,216
1281,gene_1282,iMM904.YJL121C,167
1282,gene_1283,iMM904.YJR121W,567
1285,gene_1286,iMM904.YMR226C,80
1289,gene_1290,iNF517.LLMG_RS00670,70
1291,gene_1292,iNF517.LLMG_RS01055,424
1293,gene_1294,iNF517.LLMG_RS01210,607
1294,gene_1295,iNF517.LLMG_RS01970,157
1295,gene_1296,iNF517.LLMG_RS01995,541
1296,gene_1297,iNF517.LLMG_RS02010,316
1297,gene_1298,iNF517.LLMG_RS02055,324
1299,gene_1300,iNF517.LLMG_RS02785,382
1300,gene_1301,iNF517.LLMG_RS02940,338
1302,gene_1303,iNF517.LLMG_RS03315,507
1310,gene_1311,iNF517.LLMG_RS04525,224
1313,gene_1314,iNF517.LLMG_RS04660,261
1314,gene_1315,iNF517.LLMG_RS04970,414
1315,gene_1316,iNF517.LLMG_RS05020,362
1316,gene_1317,iNF517.LLMG_RS05050,174
1318,gene_1319,iNF517.LLMG_RS05530,1089
1319,gene_1320,iNF517.LLMG_RS05615,306
1320,gene_1321,iNF517.LLMG_RS06045,176
1323,gene_1324,iNF517.LLMG_RS06565,407
1325,gene_1326,iNF517.LLMG_RS07220,179
1326,gene_1327,iNF517.LLMG_RS07320,146
1329,gene_1330,iNF517.LLMG_RS07670,310
1331,gene_1332,iNF517.LLMG_RS08030,660
1332,gene_1333,iNF517.LLMG_RS08455,234
1333,gene_1334,iNF517.LLMG_RS08520,296
1335,gene_1336,iNF517.LLMG_RS08750,804
1337,gene_1338,iNF517.LLMG_RS08925,280
1338,gene_1339,iNF517.LLMG_RS08930,463
1339,gene_1340,iNF517.LLMG_RS08975,189
1340,gene_1341,iNF517.LLMG_RS09360,371
1341,gene_1342,iNF517.LLMG_RS09365,660
1342,gene_1343,iNF517.LLMG_RS09380,395
1343,gene_1344,iNF517.LLMG_RS09720,302
1344,gene_1345,iNF517.LLMG_RS09735,552
1345,gene_1346,iNF517.LLMG_RS09745,506
1346,gene_1347,iNF517.LLMG_RS09915,293
1347,gene_1348,iNF517.LLMG_RS10195,322
1348,gene_1349,iNF517.LLMG_RS10755,41
1349,gene_1350,iNF517.LLMG_RS10780,205
1350,gene_1351,iNF517.LLMG_RS10835,300
1351,gene_1352,iNF517.LLMG_RS10940,282
1353,gene_1354,iNF517.LLMG_RS11030,278
1354,gene_1355,iNF517.LLMG_RS11055,351
1358,gene_1359,iNF517.LLMG_RS11210,110
1359,gene_1360,iNF517.LLMG_RS11240,270
1363,gene_1364,iNF517.LLMG_RS12590,582
1364,gene_1365,iNF517.LLMG_RS12755,407
1365,gene_1366,iPC815.YPO0008,167
1366,gene_1367,iPC815.YPO0045,181
1367,gene_1368,iPC815.YPO0047,110
1372,gene_1373,iPC815.YPO0157,357
1373,gene_1374,iPC815.YPO0239,213
1377,gene_1378,iPC815.YPO0565,43
1378,gene_1379,iPC815.YPO0579,487
1380,gene_1381,iPC815.YPO0945,124
1381,gene_1382,iPC815.YPO0946,206
1382,gene_1383,iPC815.YPO1073,192
1383,gene_1384,iPC815.YPO1137,111
1386,gene_1387,iPC815.YPO1389,330
1387,gene_1388,iPC815.YPO1395,318
1389,gene_1390,iPC815.YPO1913,303
1390,gene_1391,iPC815.YPO1914,275
1391,gene_1392,iPC815.YPO2013,82
1394,gene_1395,iPC815.YPO2060,85
1395,gene_1396,iPC815.YPO2067,166
1396,gene_1397,iPC815.YPO2167,45
1397,gene_1398,iPC815.YPO2295,103
1398,gene_1399,iPC815.YPO2428,302
1401,gene_1402,iPC815.YPO2514,170
1402,gene_1403,iPC815.YPO2559,180
1403,gene_1404,iPC815.YPO2630,593
1404,gene_1405,iPC815.YPO2828,331
1408,gene_1409,iPC815.YPO3064,135
1413,gene_1414,iPC815.YPO3326,311
1414,gene_1415,iPC815.YPO3658,431
1415,gene_1416,iPC815.YPO3659,103
1419,gene_1420,iPC815.YPO3795,84
1421,gene_1422,iPC815.YPO3868,109
1422,gene_1423,iPC815.YPO3938,669
1423,gene_1424,iPC815.YPO3942,597
1425,gene_1426,iPC815.YPO4121,545
1426,gene_1427,iSDY_1059.SDY_0088,304
1427,gene_1428,iSDY_1059.SDY_0218,179
1429,gene_1430,iSDY_1059.SDY_0365,270
1435,gene_1436,iSDY_1059.SDY_0614,608
1440,gene_1441,iSDY_1059.SDY_0787,82
1442,gene_1443,iSDY_1059.SDY_0985,72
1443,gene_1444,iSDY_1059.SDY_1025,218
1444,gene_1445,iSDY_1059.SDY_1136,158
1445,gene_1446,iSDY_1059.SDY_1145,94
1447,gene_1448,iSDY_1059.SDY_1256,82
1449,gene_1450,iSDY_1059.SDY_1409,107
1450,gene_1451,iSDY_1059.SDY_1474,147
1454,gene_1455,iSDY_1059.SDY_1808,318
1456,gene_1457,iSDY_1059.SDY_2018,43
1461,gene_1462,iSDY_1059.SDY_2344,328
1463,gene_1464,iSDY_1059.SDY_2487,179
1469,gene_1470,iSDY_1059.SDY_2725,133
1477,gene_1478,iSDY_1059.SDY_3118,125
1478,gene_1479,iSDY_1059.SDY_3382,122
1479,gene_1480,iSDY_1059.SDY_3432,103
1480,gene_1481,iSDY_1059.SDY_3433,433
1481,gene_1482,iSDY_1059.SDY_3466,209
1482,gene_1483,iSDY_1059.SDY_3574,666
1484,gene_1485,iSDY_1059.SDY_3659,517
1485,gene_1486,iSDY_1059.SDY_3667,47
1487,gene_1488,iSDY_1059.SDY_3689,39
1488,gene_1489,iSDY_1059.SDY_3694,51
1489,gene_1490,iSDY_1059.SDY_3695,348
1492,gene_1493,iSDY_1059.SDY_3818,516
1494,gene_1495,iSDY_1059.SDY_3968,119
1495,gene_1496,iSDY_1059.SDY_4016,544
1500,gene_1501,iSDY_1059.SDY_4070,118
1501,gene_1502,iSDY_1059.SDY_4073,184
1503,gene_1504,iSDY_1059.SDY_4367,293
1504,gene_1505,iSDY_1059.SDY_4431,134
1505,gene_1506,iSDY_1059.SDY_4633,116
1506,gene_1507,iSF_1195.SF0056,303
1508,gene_1509,iSF_1195.SF0190,178
1509,gene_1510,iSF_1195.SF0232,272
1515,gene_1516,iSF_1195.SF0547,107
1516,gene_1517,iSF_1195.SF0613,608
1519,gene_1520,iSF_1195.SF0760,95
1523,gene_1524,iSF_1195.SF0910,327
1524,gene_1525,iSF_1195.SF1013,52
1526,gene_1527,iSF_1195.SF1153,43
1527,gene_1528,iSF_1195.SF1210,85
1529,gene_1530,iSF_1195.SF1518,322
1530,gene_1531,iSF_1195.SF1576,213
1532,gene_1533,iSF_1195.SF1723,146
1533,gene_1534,iSF_1195.SF1841,107
1534,gene_1535,iSF_1195.SF1860,160
1535,gene_1536,iSF_1195.SF1867,92
1538,gene_1539,iSF_1195.SF2333,127
1539,gene_1540,iSF_1195.SF2367,177
1544,gene_1545,iSF_1195.SF2523,122
1545,gene_1546,iSF_1195.SF2576,133
1552,gene_1553,iSF_1195.SF2945,127
1553,gene_1554,iSF_1195.SF3132,534
1555,gene_1556,iSF_1195.SF3241,122
1556,gene_1557,iSF_1195.SF3293,100
1558,gene_1559,iSF_1195.SF3321,212
1559,gene_1560,iSF_1195.SF3402,364
1560,gene_1561,iSF_1195.SF3403,89
1561,gene_1562,iSF_1195.SF3408,98
1563,gene_1564,iSF_1195.SF3428,47
1565,gene_1566,iSF_1195.SF3440,494
1570,gene_1571,iSF_1195.SF3679,115
1571,gene_1572,iSF_1195.SF3681,185
1573,gene_1574,iSF_1195.SF3812,543
1575,gene_1576,iSF_1195.SF3854,114
1582,gene_1583,iSF_1195.SF4353,295
1583,gene_1584,iSF_1195.SF4405,108
1584,gene_1585,iSSON_1240.SSON_0067,308
1586,gene_1587,iSSON_1240.SSON_0213,187
1587,gene_1588,iSSON_1240.SSON_0299,516
1588,gene_1589,iSSON_1240.SSON_0334,69
1590,gene_1591,iSSON_1240.SSON_0356,277
1595,gene_1596,iSSON_1240.SSON_0541,220
1597,gene_1598,iSSON_1240.SSON_0604,260
1598,gene_1599,iSSON_1240.SSON_0634,608
1599,gene_1600,iSSON_1240.SSON_0709,107
1601,gene_1602,iSSON_1240.SSON_0789,95
1605,gene_1606,iSSON_1240.SSON_0916,327
1608,gene_1609,iSSON_1240.SSON_1152,43
1610,gene_1611,iSSON_1240.SSON_1283,97
1611,gene_1612,iSSON_1240.SSON_1298,160
1613,gene_1614,iSSON_1240.SSON_1445,323
1614,gene_1615,iSSON_1240.SSON_1461,149
1615,gene_1616,iSSON_1240.SSON_1505,42
1616,gene_1617,iSSON_1240.SSON_1804,107
1618,gene_1619,iSSON_1240.SSON_1971,82
1620,gene_1621,iSSON_1240.SSON_2315,127
1621,gene_1622,iSSON_1240.SSON_2348,180
1628,gene_1629,iSSON_1240.SSON_2611,133
1635,gene_1636,iSSON_1240.SSON_3108,127
1636,gene_1637,iSSON_1240.SSON_3245,534
1637,gene_1638,iSSON_1240.SSON_3349,122
1638,gene_1639,iSSON_1240.SSON_3396,105
1639,gene_1640,iSSON_1240.SSON_3397,433
1640,gene_1641,iSSON_1240.SSON_3430,209
1641,gene_1642,iSSON_1240.SSON_3515,346
1642,gene_1643,iSSON_1240.SSON_3516,85
1645,gene_1646,iSSON_1240.SSON_3549,517
1648,gene_1649,iSSON_1240.SSON_3764,179
1649,gene_1650,iSSON_1240.SSON_3766,118
1650,gene_1651,iSSON_1240.SSON_3782,92
1653,gene_1654,iSSON_1240.SSON_3887,543
1657,gene_1658,iSSON_1240.SSON_3952,119
1661,gene_1662,iSSON_1240.SSON_4095,546
1663,gene_1664,iSSON_1240.SSON_4346,134
1664,gene_1665,iSSON_1240.SSON_4380,275
1666,gene_1667,iSSON_1240.SSON_4459,190
1668,gene_1669,iSSON_1240.SSON_4504,188
1669,gene_1670,iSSON_1240.SSON_4524,112
1670,gene_1671,iSbBS512_1146.SbBS512_E0053,303
1671,gene_1672,iSbBS512_1146.SbBS512_E0193,187
1672,gene_1673,iSbBS512_1146.SbBS512_E0269,60
1673,gene_1674,iSbBS512_1146.SbBS512_E0279,103
1674,gene_1675,iSbBS512_1146.SbBS512_E0298,278
1679,gene_1680,iSbBS512_1146.SbBS512_E0492,219
1680,gene_1681,iSbBS512_1146.SbBS512_E0570,561
1681,gene_1682,iSbBS512_1146.SbBS512_E0599,272
1682,gene_1683,iSbBS512_1146.SbBS512_E0678,106
1685,gene_1686,iSbBS512_1146.SbBS512_E0954,89
1689,gene_1690,iSbBS512_1146.SbBS512_E1312,43
1690,gene_1691,iSbBS512_1146.SbBS512_E1371,84
1691,gene_1692,iSbBS512_1146.SbBS512_E1569,107
1694,gene_1695,iSbBS512_1146.SbBS512_E1896,149
1695,gene_1696,iSbBS512_1146.SbBS512_E1955,317
1696,gene_1697,iSbBS512_1146.SbBS512_E2014,513
1697,gene_1698,iSbBS512_1146.SbBS512_E2125,160
1699,gene_1700,iSbBS512_1146.SbBS512_E2410,328
1705,gene_1706,iSbBS512_1146.SbBS512_E2539,82
1707,gene_1708,iSbBS512_1146.SbBS512_E2667,174
1711,gene_1712,iSbBS512_1146.SbBS512_E2852,122
1712,gene_1713,iSbBS512_1146.SbBS512_E2904,135
1718,gene_1719,iSbBS512_1146.SbBS512_E3287,105
1719,gene_1720,iSbBS512_1146.SbBS512_E3288,433
1720,gene_1721,iSbBS512_1146.SbBS512_E3386,127
1721,gene_1722,iSbBS512_1146.SbBS512_E3528,533
1722,gene_1723,iSbBS512_1146.SbBS512_E3569,122
1723,gene_1724,iSbBS512_1146.SbBS512_E3674,202
1724,gene_1725,iSbBS512_1146.SbBS512_E3761,344
1725,gene_1726,iSbBS512_1146.SbBS512_E3762,63
1726,gene_1727,iSbBS512_1146.SbBS512_E3767,99
1728,gene_1729,iSbBS512_1146.SbBS512_E3790,47
1729,gene_1730,iSbBS512_1146.SbBS512_E3798,662
1730,gene_1731,iSbBS512_1146.SbBS512_E4044,399
1732,gene_1733,iSbBS512_1146.SbBS512_E4050,94
1733,gene_1734,iSbBS512_1146.SbBS512_E4065,118
1734,gene_1735,iSbBS512_1146.SbBS512_E4067,185
1736,gene_1737,iSbBS512_1146.SbBS512_E4140,114
1738,gene_1739,iSbBS512_1146.SbBS512_E4189,543
1739,gene_1740,iSbBS512_1146.SbBS512_E4190,55
1741,gene_1742,iSbBS512_1146.SbBS512_E4408,511
1744,gene_1745,iSbBS512_1146.SbBS512_E4693,134
1745,gene_1746,iSbBS512_1146.SbBS512_E4728,296
1747,gene_1748,iSbBS512_1146.SbBS512_E4898,180
1748,gene_1749,iSbBS512_1146.SbBS512_E4917,112
1750,gene_1751,iSynCJ816.SGL_RS01935,151
1751,gene_1752,iSynCJ816.SGL_RS01940,190
1752,gene_1753,iSynCJ816.SGL_RS02240,181
1754,gene_1755,iSynCJ816.SGL_RS02445,224
1755,gene_1756,iSynCJ816.SGL_RS02645,174
1756,gene_1757,iSynCJ816.SGL_RS02675,508
1757,gene_1758,iSynCJ816.SGL_RS02695,45
1758,gene_1759,iSynCJ816.SGL_RS02700,47
1759,gene_1760,iSynCJ816.SGL_RS03010,440
1761,gene_1762,iSynCJ816.SGL_RS04690,494
1762,gene_1763,iSynCJ816.SGL_RS05125,48
1763,gene_1764,iSynCJ816.SGL_RS05470,186
1765,gene_1766,iSynCJ816.SGL_RS05665,422
1766,gene_1767,iSynCJ816.SGL_RS06105,263
1768,gene_1769,iSynCJ816.SGL_RS06895,655
1769,gene_1770,iSynCJ816.SGL_RS07100,709
1772,gene_1773,iSynCJ816.SGL_RS07670,168
1773,gene_1774,iSynCJ816.SGL_RS08250,277
1777,gene_1778,iSynCJ816.SGL_RS09375,399
1778,gene_1779,iSynCJ816.SGL_RS09640,102
1779,gene_1780,iSynCJ816.SGL_RS09705,622
1782,gene_1783,iSynCJ816.SGL_RS10250,297
1783,gene_1784,iSynCJ816.SGL_RS10570,65
1785,gene_1786,iSynCJ816.SGL_RS10925,554
1786,gene_1787,iSynCJ816.SGL_RS10930,835
1787,gene_1788,iSynCJ816.SGL_RS11365,48
1788,gene_1789,iSynCJ816.SGL_RS11485,133
1789,gene_1790,iSynCJ816.SGL_RS11925,638
1790,gene_1791,iSynCJ816.SGL_RS12040,135
1791,gene_1792,iSynCJ816.SGL_RS12175,279
1792,gene_1793,iSynCJ816.SGL_RS12400,113
1793,gene_1794,iSynCJ816.SGL_RS12820,650
1794,gene_1795,iSynCJ816.SGL_RS13120,409
1798,gene_1799,iSynCJ816.SGL_RS13580,434
1801,gene_1802,iSynCJ816.SGL_RS13900,51
1802,gene_1803,iSynCJ816.SGL_RS13980,461
1803,gene_1804,iSynCJ816.SGL_RS14120,249
1804,gene_1805,iSynCJ816.SGL_RS14665,164
1805,gene_1806,iSynCJ816.SGL_RS14865,235
1806,gene_1807,iSynCJ816.SGL_RS14930,231
1807,gene_1808,iSynCJ816.SGL_RS14955,232
1809,gene_1810,iSynCJ816.SGL_RS15455,377
1810,gene_1811,iSynCJ816.SGL_RS15845,553
1811,gene_1812,iSynCJ816.SGL_RS16015,232
1812,gene_1813,iSynCJ816.SGL_RS16030,47
1813,gene_1814,iSynCJ816.SGL_RS16080,52
1814,gene_1815,iSynCJ816.SGL_RS16100,653
1815,gene_1816,iSynCJ816.SGL_RS16185,82
1818,gene_1819,iSynCJ816.SGL_RS16805,132
1820,gene_1821,iSynCJ816.SGL_RS17160,125
1821,gene_1822,iSynCJ816.SGL_RS17200,201
1823,gene_1824,iSynCJ816.SGL_RS17655,42
1824,gene_1825,iSynCJ816.SGL_RS17675,443
1827,gene_1828,iYL1228.KPN_00030,412
1828,gene_1829,iYL1228.KPN_00031,476
1829,gene_1830,iYL1228.KPN_00060,311
1831,gene_1832,iYL1228.KPN_00213,174
1833,gene_1834,iYL1228.KPN_00323,275
1836,gene_1837,iYL1228.KPN_00507,66
1837,gene_1838,iYL1228.KPN_00606,178
1840,gene_1841,iYL1228.KPN_00701,620
1841,gene_1842,iYL1228.KPN_00771,107
1843,gene_1844,iYL1228.KPN_00838,176
1847,gene_1848,iYL1228.KPN_00925,242
1849,gene_1850,iYL1228.KPN_00941,297
1854,gene_1855,iYL1228.KPN_01211,44
1855,gene_1856,iYL1228.KPN_01310,114
1860,gene_1861,iYL1228.KPN_02175,303
1862,gene_1863,iYL1228.KPN_02238,80
1863,gene_1864,iYL1228.KPN_02365,147
1864,gene_1865,iYL1228.KPN_02373,92
1870,gene_1871,iYL1228.KPN_02681,174
1882,gene_1883,iYL1228.KPN_03388,127
1883,gene_1884,iYL1228.KPN_03389,199
1885,gene_1886,iYL1228.KPN_03520,421
1888,gene_1889,iYL1228.KPN_03664,100
1889,gene_1890,iYL1228.KPN_03665,430
1891,gene_1892,iYL1228.KPN_03755,363
1892,gene_1893,iYL1228.KPN_03761,107
1894,gene_1895,iYL1228.KPN_03787,503
1895,gene_1896,iYL1228.KPN_03794,668
1900,gene_1901,iYL1228.KPN_03980,108
1901,gene_1902,iYL1228.KPN_03983,181
1902,gene_1903,iYL1228.KPN_04011,534
1904,gene_1905,iYL1228.KPN_04137,548
1906,gene_1907,iYL1228.KPN_04156,73
1907,gene_1908,iYL1228.KPN_04157,132
1908,gene_1909,iYL1228.KPN_04203,326
1911,gene_1912,iYL1228.KPN_04282,108
1914,gene_1915,iYL1228.KPN_04558,137
1916,gene_1917,iYL1228.KPN_04677,42
1917,gene_1918,iYL1228.KPN_04830,108
1918,gene_1919,iYO844.BSU00090,660
1919,gene_1920,iYO844.BSU00180,127
1920,gene_1921,iYO844.BSU00270,144
1921,gene_1922,iYO844.BSU00680,184
1923,gene_1924,iYO844.BSU00910,185
1925,gene_1926,iYO844.BSU00930,200
1926,gene_1927,iYO844.BSU01370,216
1927,gene_1928,iYO844.BSU01530,127
1929,gene_1930,iYO844.BSU02390,426
1930,gene_1931,iYO844.BSU02750,139
1931,gene_1932,iYO844.BSU03050,326
1933,gene_1934,iYO844.BSU03860,92
1934,gene_1935,iYO844.BSU04560,260
1935,gene_1936,iYO844.BSU04570,240
1936,gene_1937,iYO844.BSU06150,191
1937,gene_1938,iYO844.BSU06170,178
1939,gene_1940,iYO844.BSU06490,430
1940,gene_1941,iYO844.BSU06500,363
1941,gene_1942,iYO844.BSU06530,399
1944,gene_1945,iYO844.BSU06990,140
1945,gene_1946,iYO844.BSU07490,182
1947,gene_1948,iYO844.BSU07510,146
1949,gene_1950,iYO844.BSU09290,522
1950,gene_1951,iYO844.BSU09310,455
1951,gene_1952,iYO844.BSU09530,89
1953,gene_1954,iYO844.BSU10020,343
1955,gene_1956,iYO844.BSU11330,230
1956,gene_1957,iYO844.BSU11340,421
1957,gene_1958,iYO844.BSU12020,222
1958,gene_1959,iYO844.BSU12300,455
1961,gene_1962,iYO844.BSU12930,262
1962,gene_1963,iYO844.BSU12940,135
1964,gene_1965,iYO844.BSU12960,125
1965,gene_1966,iYO844.BSU13900,66
1966,gene_1967,iYO844.BSU13910,379
1968,gene_1969,iYO844.BSU14630,157
1971,gene_1972,iYO844.BSU15190,236
1972,gene_1973,iYO844.BSU15220,241
1973,gene_1974,iYO844.BSU15510,309
1974,gene_1975,iYO844.BSU15520,1113
1975,gene_1976,iYO844.BSU15530,140
1976,gene_1977,iYO844.BSU15540,305
1978,gene_1979,iYO844.BSU15650,623
1979,gene_1980,iYO844.BSU15700,355
1980,gene_1981,iYO844.BSU15720,134
1981,gene_1982,iYO844.BSU15790,180
1982,gene_1983,iYO844.BSU15900,202
1983,gene_1984,iYO844.BSU15910,236
1984,gene_1985,iYO844.BSU16510,270
1985,gene_1986,iYO844.BSU16530,231
1986,gene_1987,iYO844.BSU16540,132
1987,gene_1988,iYO844.BSU16550,325
1988,gene_1989,iYO844.BSU16730,121
1989,gene_1990,iYO844.BSU16740,177
1991,gene_1992,iYO844.BSU17460,572
1996,gene_1997,iYO844.BSU22110,267
1997,gene_1998,iYO844.BSU22480,156
1998,gene_1999,iYO844.BSU22780,213
2000,gene_2001,iYO844.BSU23080,154
2001,gene_2002,iYO844.BSU23380,397
2004,gene_2005,iYO844.BSU23580,281
2005,gene_2006,iYO844.BSU23610,129
2006,gene_2007,iYO844.BSU23960,280
2007,gene_2008,iYO844.BSU24310,325
2008,gene_2009,iYO844.BSU24340,451
2009,gene_2010,iYO844.BSU24950,338
2010,gene_2011,iYO844.BSU25070,382
2011,gene_2012,iYO844.BSU25300,122
2012,gene_2013,iYO844.BSU25500,59
2013,gene_2014,iYO844.BSU25660,150
2018,gene_2019,iYO844.BSU27600,646
2022,gene_2023,iYO844.BSU28470,371
2025,gene_2026,iYO844.BSU28730,103
2028,gene_2029,iYO844.BSU29060,96
2029,gene_2030,iYO844.BSU29190,337
2030,gene_2031,iYO844.BSU29220,454
2031,gene_2032,iYO844.BSU29340,103
2032,gene_2033,iYO844.BSU29440,432
2035,gene_2036,iYO844.BSU30300,556
2036,gene_2037,iYO844.BSU30420,154
2037,gene_2038,iYO844.BSU30450,150
2038,gene_2039,iYO844.BSU30550,513
2040,gene_2041,iYO844.BSU30940,666
2041,gene_2042,iYO844.BSU30950,414
2042,gene_2043,iYO844.BSU30960,213
2043,gene_2044,iYO844.BSU30970,406
2045,gene_2046,iYO844.BSU31200,401
2046,gene_2047,iYO844.BSU31350,553
2047,gene_2048,iYO844.BSU31400,423
2049,gene_2050,iYO844.BSU32170,241
2051,gene_2052,iYO844.BSU32750,114
2053,gene_2054,iYO844.BSU33290,175
2054,gene_2055,iYO844.BSU33310,144
2055,gene_2056,iYO844.BSU33370,44
2056,gene_2057,iYO844.BSU33400,47
2057,gene_2058,iYO844.BSU33490,651
2058,gene_2059,iYO844.BSU33730,116
2060,gene_2061,iYO844.BSU33900,468
2061,gene_2062,iYO844.BSU33910,565
2062,gene_2063,iYO844.BSU33920,239
2063,gene_2064,iYO844.BSU33930,443
2067,gene_2068,iYO844.BSU34790,251
2071,gene_2072,iYO844.BSU35660,486
2075,gene_2076,iYO844.BSU35740,186
2077,gene_2078,iYO844.BSU35790,201
2078,gene_2079,iYO844.BSU35940,397
2081,gene_2082,iYO844.BSU36370,105
2082,gene_2083,iYO844.BSU36760,351
2083,gene_2084,iYO844.BSU36810,572
2084,gene_2085,iYO844.BSU36830,502
2085,gene_2086,iYO844.BSU36890,295
2086,gene_2087,iYO844.BSU36900,522
2087,gene_2088,iYO844.BSU37150,665
2088,gene_2089,iYO844.BSU38190,501
2089,gene_2090,iYO844.BSU38550,449
2090,gene_2091,iYO844.BSU38860,421
2093,gene_2094,iYO844.BSU39780,154
2094,gene_2095,iYO844.BSU40420,341
2095,gene_2096,iYO844.BSU40850,112
2096,gene_2097,iYS854.USA300HOU_RS00045,239
2097,gene_2098,iYS854.USA300HOU_RS00085,333
2099,gene_2100,iYS854.USA300HOU_RS00270,51
2100,gene_2101,iYS854.USA300HOU_RS01090,402
2105,gene_2106,iYS854.USA300HOU_RS01340,81
2107,gene_2108,iYS854.USA300HOU_RS02065,613
2110,gene_2111,iYS854.USA300HOU_RS02615,188
2111,gene_2112,iYS854.USA300HOU_RS02645,109
2112,gene_2113,iYS854.USA300HOU_RS02655,540
2113,gene_2114,iYS854.USA300HOU_RS02785,182
2114,gene_2115,iYS854.USA300HOU_RS02790,318
2115,gene_2116,iYS854.USA300HOU_RS03230,418
2116,gene_2117,iYS854.USA300HOU_RS03445,140
2118,gene_2119,iYS854.USA300HOU_RS03500,192
2119,gene_2120,iYS854.USA300HOU_RS03790,253
2122,gene_2123,iYS854.USA300HOU_RS04050,135
2123,gene_2124,iYS854.USA300HOU_RS04115,239
2125,gene_2126,iYS854.USA300HOU_RS04185,398
2126,gene_2127,iYS854.USA300HOU_RS04405,137
2127,gene_2128,iYS854.USA300HOU_RS04600,148
2128,gene_2129,iYS854.USA300HOU_RS04775,548
2129,gene_2130,iYS854.USA300HOU_RS04890,101
2131,gene_2132,iYS854.USA300HOU_RS04900,352
2132,gene_2133,iYS854.USA300HOU_RS04905,296
2135,gene_2136,iYS854.USA300HOU_RS05395,70
2136,gene_2137,iYS854.USA300HOU_RS05400,396
2137,gene_2138,iYS854.USA300HOU_RS05485,392
2138,gene_2139,iYS854.USA300HOU_RS05690,269
2141,gene_2142,iYS854.USA300HOU_RS05940,223
2143,gene_2144,iYS854.USA300HOU_RS06040,303
2144,gene_2145,iYS854.USA300HOU_RS06045,1095
2147,gene_2148,iYS854.USA300HOU_RS06130,229
2148,gene_2149,iYS854.USA300HOU_RS06135,174
2149,gene_2150,iYS854.USA300HOU_RS06160,349
2154,gene_2155,iYS854.USA300HOU_RS06590,314
2155,gene_2156,iYS854.USA300HOU_RS06750,254
2160,gene_2161,iYS854.USA300HOU_RS07285,123
2162,gene_2163,iYS854.USA300HOU_RS07985,177
2163,gene_2164,iYS854.USA300HOU_RS08015,134
2164,gene_2165,iYS854.USA300HOU_RS08170,217
2166,gene_2167,iYS854.USA300HOU_RS08350,525
2168,gene_2169,iYS854.USA300HOU_RS08675,387
2169,gene_2170,iYS854.USA300HOU_RS08680,360
2171,gene_2172,iYS854.USA300HOU_RS08720,345
2172,gene_2173,iYS854.USA300HOU_RS08725,430
2173,gene_2174,iYS854.USA300HOU_RS09020,268
2174,gene_2175,iYS854.USA300HOU_RS09025,450
2175,gene_2176,iYS854.USA300HOU_RS09175,291
2176,gene_2177,iYS854.USA300HOU_RS09315,110
2177,gene_2178,iYS854.USA300HOU_RS09335,866
2180,gene_2181,iYS854.USA300HOU_RS09495,498
2181,gene_2182,iYS854.USA300HOU_RS09925,295
2182,gene_2183,iYS854.USA300HOU_RS09930,170
2184,gene_2185,iYS854.USA300HOU_RS10270,168
2186,gene_2187,iYS854.USA300HOU_RS10340,565
2188,gene_2189,iYS854.USA300HOU_RS11245,267
2190,gene_2191,iYS854.USA300HOU_RS11360,563
2191,gene_2192,iYS854.USA300HOU_RS11370,489
2192,gene_2193,iYS854.USA300HOU_RS11405,287
2193,gene_2194,iYS854.USA300HOU_RS11410,525
2194,gene_2195,iYS854.USA300HOU_RS11480,635
2199,gene_2200,iYS854.USA300HOU_RS12020,162
2200,gene_2201,iYS854.USA300HOU_RS12070,231
2201,gene_2202,iYS854.USA300HOU_RS12240,127
2202,gene_2203,iYS854.USA300HOU_RS12505,87
2203,gene_2204,iYS854.USA300HOU_RS13040,128
2204,gene_2205,iYS854.USA300HOU_RS13545,277
2205,gene_2206,iYS854.USA300HOU_RS13840,49
2207,gene_2208,iYS854.USA300HOU_RS14195,89
