,query_gene,BiGG_gene,score
0,gene_0,STM_v1_0.STM0047,71
1,gene_1,STM_v1_0.STM0054,393
2,gene_2,STM_v1_0.STM0055,476
4,gene_4,STM_v1_0.STM0061,539
6,gene_6,STM_v1_0.STM0124,244
7,gene_7,STM_v1_0.STM0221,207
8,gene_8,STM_v1_0.STM0247,110
11,gene_11,STM_v1_0.STM0590,146
14,gene_14,STM_v1_0.STM0644,206
15,gene_15,STM_v1_0.STM0659,40
16,gene_16,STM_v1_0.STM0686,619
17,gene_17,STM_v1_0.STM0774,124
21,gene_21,STM_v1_0.STM0865,41
22,gene_22,STM_v1_0.STM0963,252
23,gene_23,STM_v1_0.STM0984,287
24,gene_24,STM_v1_0.STM1125,338
25,gene_25,STM_v1_0.STM1221,98
26,gene_26,STM_v1_0.STM1299,402
28,gene_28,STM_v1_0.STM1449,298
31,gene_31,STM_v1_0.STM1502,45
33,gene_33,STM_v1_0.STM1745,149
34,gene_34,STM_v1_0.STM1749,256
35,gene_35,STM_v1_0.STM1750,167
36,gene_36,STM_v1_0.STM1780,39
38,gene_38,STM_v1_0.STM1954,75
39,gene_39,STM_v1_0.STM2018,37
40,gene_40,STM_v1_0.STM2019,461
44,gene_44,STM_v1_0.STM2082,147
46,gene_46,STM_v1_0.STM2189,323
47,gene_47,STM_v1_0.STM2232,46
48,gene_48,STM_v1_0.STM2252,43
51,gene_51,STM_v1_0.STM2351,229
53,gene_53,STM_v1_0.STM2427,470
54,gene_54,STM_v1_0.STM2474,52
57,gene_57,STM_v1_0.STM2774,171
59,gene_59,STM_v1_0.STM2786,53
60,gene_60,STM_v1_0.STM2827,399
61,gene_61,STM_v1_0.STM2840,147
62,gene_62,STM_v1_0.STM2927,150
63,gene_63,STM_v1_0.STM3002,85
64,gene_64,STM_v1_0.STM3076,53
65,gene_65,STM_v1_0.STM3090,426
66,gene_66,STM_v1_0.STM3103,147
67,gene_67,STM_v1_0.STM3137,513
68,gene_68,STM_v1_0.STM3190,67
69,gene_69,STM_v1_0.STM3307,339
70,gene_70,STM_v1_0.STM3331,40
71,gene_71,STM_v1_0.STM3334,252
72,gene_72,STM_v1_0.STM3351,389
73,gene_73,STM_v1_0.STM3352,476
74,gene_74,STM_v1_0.STM3409,212
76,gene_76,STM_v1_0.STM3506,50
77,gene_77,STM_v1_0.STM3534,591
78,gene_78,STM_v1_0.STM3538,549
79,gene_79,STM_v1_0.STM3551,384
81,gene_81,STM_v1_0.STM3560,230
82,gene_82,STM_v1_0.STM3562,171
83,gene_83,STM_v1_0.STM3563,212
87,gene_87,STM_v1_0.STM3708,218
88,gene_88,STM_v1_0.STM3828,142
89,gene_89,STM_v1_0.STM3867,451
91,gene_91,STM_v1_0.STM3885,134
92,gene_92,STM_v1_0.STM3915,105
93,gene_93,STM_v1_0.STM3922,365
95,gene_95,STM_v1_0.STM4066,91
96,gene_96,STM_v1_0.STM4086,643
97,gene_97,STM_v1_0.STM4277,152
99,gene_99,STM_v1_0.STM4299,53
101,gene_102,iAF692.Mbar_A0052,191
102,gene_103,iAF692.Mbar_A0086,218
103,gene_104,iAF692.Mbar_A0171,41
104,gene_105,iAF692.Mbar_A0210,100
106,gene_107,iAF692.Mbar_A0227,541
108,gene_109,iAF692.Mbar_A0408,80
109,gene_110,iAF692.Mbar_A0469,96
111,gene_112,iAF692.Mbar_A0541,246
112,gene_113,iAF692.Mbar_A0666,511
114,gene_115,iAF692.Mbar_A0853,109
116,gene_117,iAF692.Mbar_A0942,239
118,gene_119,iAF692.Mbar_A1037,205
119,gene_120,iAF692.Mbar_A1172,169
120,gene_121,iAF692.Mbar_A1223,577
121,gene_122,iAF692.Mbar_A1238,79
122,gene_123,iAF692.Mbar_A1305,64
125,gene_126,iAF692.Mbar_A1452,46
126,gene_127,iAF692.Mbar_A1559,48
127,gene_128,iAF692.Mbar_A1731,98
128,gene_129,iAF692.Mbar_A1776,51
129,gene_130,iAF692.Mbar_A1779,221
132,gene_133,iAF692.Mbar_A1820,483
133,gene_134,iAF692.Mbar_A2020,68
134,gene_135,iAF692.Mbar_A2049,279
135,gene_136,iAF692.Mbar_A2079,35
136,gene_137,iAF692.Mbar_A2083,229
137,gene_138,iAF692.Mbar_A2093,159
139,gene_140,iAF692.Mbar_A2192,188
140,gene_141,iAF692.Mbar_A2222,543
141,gene_142,iAF692.Mbar_A2261,295
142,gene_143,iAF692.Mbar_A2262,182
143,gene_144,iAF692.Mbar_A2263,78
144,gene_145,iAF692.Mbar_A2315,123
145,gene_146,iAF692.Mbar_A2316,466
146,gene_147,iAF692.Mbar_A2320,124
147,gene_148,iAF692.Mbar_A2394,169
148,gene_149,iAF692.Mbar_A2422,369
149,gene_150,iAF692.Mbar_A2656,248
151,gene_152,iAF692.Mbar_A3182,89
152,gene_153,iAF692.Mbar_A3251,428
153,gene_154,iAF692.Mbar_A3252,313
154,gene_155,iAF692.Mbar_A3423,360
155,gene_156,iAF692.Mbar_A3429,340
156,gene_157,iAF692.Mbar_A3463,403
157,gene_158,iAF692.Mbar_A3582,50
158,gene_159,iAF692.Mbar_A3594,160
159,gene_160,iAF692.Mbar_A3721,120
160,gene_161,iAF987.Gmet_0043,104
161,gene_162,iAF987.Gmet_0058,590
162,gene_163,iAF987.Gmet_0059,149
163,gene_164,iAF987.Gmet_0067,223
164,gene_165,iAF987.Gmet_0069,73
166,gene_167,iAF987.Gmet_0201,430
167,gene_168,iAF987.Gmet_0205,92
168,gene_169,iAF987.Gmet_0211,301
169,gene_170,iAF987.Gmet_0213,320
170,gene_171,iAF987.Gmet_0354,303
171,gene_172,iAF987.Gmet_0363,53
173,gene_174,iAF987.Gmet_0382,352
174,gene_175,iAF987.Gmet_0406,278
175,gene_176,iAF987.Gmet_0408,251
177,gene_178,iAF987.Gmet_0410,307
178,gene_179,iAF987.Gmet_0415,193
181,gene_182,iAF987.Gmet_0547,243
185,gene_186,iAF987.Gmet_0662,41
186,gene_187,iAF987.Gmet_0700,206
188,gene_189,iAF987.Gmet_0816,66
190,gene_191,iAF987.Gmet_0842,286
193,gene_194,iAF987.Gmet_0885,158
196,gene_197,iAF987.Gmet_0940,625
197,gene_198,iAF987.Gmet_0941,135
198,gene_199,iAF987.Gmet_0957,199
200,gene_201,iAF987.Gmet_0997,157
202,gene_203,iAF987.Gmet_1043,73
203,gene_204,iAF987.Gmet_1046,229
204,gene_205,iAF987.Gmet_1106,41
205,gene_206,iAF987.Gmet_1148,322
207,gene_208,iAF987.Gmet_1188,56
209,gene_210,iAF987.Gmet_1252,184
210,gene_211,iAF987.Gmet_1256,310
213,gene_214,iAF987.Gmet_1290,393
214,gene_215,iAF987.Gmet_1298,110
215,gene_216,iAF987.Gmet_1300,304
216,gene_217,iAF987.Gmet_1353,367
217,gene_218,iAF987.Gmet_1357,656
219,gene_220,iAF987.Gmet_1377,92
220,gene_221,iAF987.Gmet_1388,187
223,gene_224,iAF987.Gmet_1416,483
226,gene_227,iAF987.Gmet_1558,402
228,gene_229,iAF987.Gmet_1601,145
229,gene_230,iAF987.Gmet_1604,147
231,gene_232,iAF987.Gmet_1622,114
232,gene_233,iAF987.Gmet_1629,196
233,gene_234,iAF987.Gmet_1671,288
234,gene_235,iAF987.Gmet_1706,79
236,gene_237,iAF987.Gmet_1759,144
237,gene_238,iAF987.Gmet_1762,246
238,gene_239,iAF987.Gmet_1818,449
239,gene_240,iAF987.Gmet_1819,237
240,gene_241,iAF987.Gmet_1825,495
241,gene_242,iAF987.Gmet_1826,174
242,gene_243,iAF987.Gmet_1827,573
244,gene_245,iAF987.Gmet_1875,131
245,gene_246,iAF987.Gmet_1888,174
246,gene_247,iAF987.Gmet_1899,161
248,gene_249,iAF987.Gmet_1913,389
249,gene_250,iAF987.Gmet_1914,67
250,gene_251,iAF987.Gmet_1919,72
251,gene_252,iAF987.Gmet_1934,494
252,gene_253,iAF987.Gmet_1935,207
255,gene_256,iAF987.Gmet_1952,72
256,gene_257,iAF987.Gmet_1986,209
257,gene_258,iAF987.Gmet_1991,70
258,gene_259,iAF987.Gmet_2054,214
260,gene_261,iAF987.Gmet_2131,280
261,gene_262,iAF987.Gmet_2135,180
262,gene_263,iAF987.Gmet_2136,296
263,gene_264,iAF987.Gmet_2246,251
264,gene_265,iAF987.Gmet_2330,380
265,gene_266,iAF987.Gmet_2344,82
266,gene_267,iAF987.Gmet_2349,297
267,gene_268,iAF987.Gmet_2391,453
268,gene_269,iAF987.Gmet_2425,94
269,gene_270,iAF987.Gmet_2444,58
270,gene_271,iAF987.Gmet_2497,92
276,gene_277,iAF987.Gmet_2732,85
277,gene_278,iAF987.Gmet_2767,604
278,gene_279,iAF987.Gmet_2822,530
280,gene_281,iAF987.Gmet_2848,243
281,gene_282,iAF987.Gmet_2855,77
283,gene_284,iAF987.Gmet_2904,379
284,gene_285,iAF987.Gmet_2992,195
285,gene_286,iAF987.Gmet_2999,75
286,gene_287,iAF987.Gmet_3012,62
287,gene_288,iAF987.Gmet_3023,193
288,gene_289,iAF987.Gmet_3085,207
289,gene_290,iAF987.Gmet_3133,124
291,gene_292,iAF987.Gmet_3156,66
292,gene_293,iAF987.Gmet_3171,74
293,gene_294,iAF987.Gmet_3200,111
294,gene_295,iAF987.Gmet_3203,563
295,gene_296,iAF987.Gmet_3241,51
296,gene_297,iAF987.Gmet_3243,172
298,gene_299,iAF987.Gmet_3260,332
301,gene_302,iAF987.Gmet_3339,303
302,gene_303,iAF987.Gmet_3406,548
303,gene_304,iAF987.Gmet_3469,206
304,gene_305,iAF987.Gmet_3509,218
305,gene_306,iAF987.Gmet_3524,137
306,gene_307,iAF987.Gmet_3528,239
307,gene_308,iAF987.Gmet_3529,99
308,gene_309,iAF987.Gmet_3535,264
309,gene_310,iAM_Pb448.PBANKA_082310,339
310,gene_311,iAM_Pb448.PBANKA_083440,121
311,gene_312,iAM_Pb448.PBANKA_101400,464
312,gene_313,iAM_Pc455.PCYB_072980,51
313,gene_314,iAM_Pc455.PCYB_073980,139
314,gene_315,iAM_Pc455.PCYB_113330,70
315,gene_316,iAM_Pc455.PCYB_132800,384
317,gene_318,iAM_Pc455.PCYB_147430,75
318,gene_319,iAM_Pf480.PF3D7_0916600,47
319,gene_320,iAM_Pf480.PF3D7_0922200,50
320,gene_321,iAM_Pf480.PF3D7_1430700,464
321,gene_322,iAM_Pf480.PF3D7_1453500,61
322,gene_323,iAM_Pv461.PVX_085005,462
323,gene_324,iAM_Pv461.PVX_085435,70
325,gene_326,iAM_Pv461.PVX_087035,128
327,gene_328,iAM_Pv461.PVX_100735,518
328,gene_329,iAM_Pv461.PVX_101390,79
329,gene_330,iAT_PLT_636.11343,75
333,gene_334,iAT_PLT_636.3028,84
334,gene_335,iAT_PLT_636.4905,128
335,gene_336,iAT_PLT_636.506,540
337,gene_338,iAT_PLT_636.5226,600
338,gene_339,iAT_PLT_636.5834,634
339,gene_340,iAT_PLT_636.5836,600
341,gene_342,iAT_PLT_636.7384,134
342,gene_343,iCHOv1.100682535,187
343,gene_344,iCHOv1.100689060,500
345,gene_346,iCHOv1.100750866,91
347,gene_348,iCHOv1.100754792,380
349,gene_350,iCHOv1.100757350,625
351,gene_352,iCHOv1.100758958,427
352,gene_353,iCHOv1.100759306,394
355,gene_356,iCHOv1.100763065,53
357,gene_358,iCHOv1.100765199,626
359,gene_360,iCHOv1.100766805,138
360,gene_361,iCHOv1.100766856,137
361,gene_362,iCHOv1.100767455,79
362,gene_363,iCHOv1.100767789,184
363,gene_364,iCHOv1.100769186,611
364,gene_365,iCHOv1.100772148,268
365,gene_366,iCHOv1.103158535,439
368,gene_369,iCN718.ABAYE_RS01955,41
369,gene_370,iCN718.ABAYE_RS03565,65
371,gene_372,iCN718.ABAYE_RS04335,264
372,gene_373,iCN718.ABAYE_RS04905,318
373,gene_374,iCN718.ABAYE_RS05270,212
375,gene_376,iCN718.ABAYE_RS06065,386
376,gene_377,iCN718.ABAYE_RS06150,147
378,gene_379,iCN718.ABAYE_RS06435,134
379,gene_380,iCN718.ABAYE_RS07975,168
381,gene_382,iCN718.ABAYE_RS10020,464
382,gene_383,iCN718.ABAYE_RS11390,204
383,gene_384,iCN718.ABAYE_RS11835,219
384,gene_385,iCN718.ABAYE_RS13810,481
385,gene_386,iCN718.ABAYE_RS13845,80
386,gene_387,iCN718.ABAYE_RS14110,232
387,gene_388,iCN718.ABAYE_RS14150,287
388,gene_389,iCN718.ABAYE_RS15510,201
392,gene_393,iCN718.ABAYE_RS18820,97
393,gene_394,iCN718.ABAYE_RS18875,330
394,gene_395,iCN718.ABAYE_RS19040,47
395,gene_396,iCN900.CD630_00190,123
400,gene_401,iCN900.CD630_00520,528
402,gene_403,iCN900.CD630_01000,270
403,gene_404,iCN900.CD630_01010,270
404,gene_405,iCN900.CD630_01020,254
405,gene_406,iCN900.CD630_01030,196
406,gene_407,iCN900.CD630_01190,373
407,gene_408,iCN900.CD630_01200,586
408,gene_409,iCN900.CD630_01230,373
409,gene_410,iCN900.CD630_01300,419
410,gene_411,iCN900.CD630_01980,597
411,gene_412,iCN900.CD630_02210,331
412,gene_413,iCN900.CD630_02220,147
413,gene_414,iCN900.CD630_02250,1303
414,gene_415,iCN900.CD630_02510,474
415,gene_416,iCN900.CD630_03010,404
416,gene_417,iCN900.CD630_03020,45
417,gene_418,iCN900.CD630_03030,63
418,gene_419,iCN900.CD630_03130,576
419,gene_420,iCN900.CD630_03340,1263
420,gene_421,iCN900.CD630_04030,337
421,gene_422,iCN900.CD630_04420,369
425,gene_426,iCN900.CD630_05570,412
426,gene_427,iCN900.CD630_05580,293
427,gene_428,iCN900.CD630_05740,802
428,gene_429,iCN900.CD630_06570,55
429,gene_430,iCN900.CD630_06710,132
431,gene_432,iCN900.CD630_06970,140
432,gene_433,iCN900.CD630_06990,338
433,gene_434,iCN900.CD630_07170,42
434,gene_435,iCN900.CD630_07180,753
435,gene_436,iCN900.CD630_07190,133
436,gene_437,iCN900.CD630_07200,221
437,gene_438,iCN900.CD630_07520,305
438,gene_439,iCN900.CD630_07530,254
439,gene_440,iCN900.CD630_07540,328
440,gene_441,iCN900.CD630_08820,429
441,gene_442,iCN900.CD630_08840,449
442,gene_443,iCN900.CD630_08850,597
443,gene_444,iCN900.CD630_08930,307
444,gene_445,iCN900.CD630_08940,279
445,gene_446,iCN900.CD630_09950,285
447,gene_448,iCN900.CD630_10050,441
448,gene_449,iCN900.CD630_10100,152
449,gene_450,iCN900.CD630_10110,210
450,gene_451,iCN900.CD630_10240,442
451,gene_452,iCN900.CD630_10250,251
452,gene_453,iCN900.CD630_10260,240
453,gene_454,iCN900.CD630_10270,339
454,gene_455,iCN900.CD630_10570,213
456,gene_457,iCN900.CD630_10600,149
457,gene_458,iCN900.CD630_10620,73
458,gene_459,iCN900.CD630_11750,439
459,gene_460,iCN900.CD630_11780,284
460,gene_461,iCN900.CD630_11820,148
461,gene_462,iCN900.CD630_11910,689
462,gene_463,iCN900.CD630_12050,208
464,gene_465,iCN900.CD630_12230,406
465,gene_466,iCN900.CD630_12240,278
466,gene_467,iCN900.CD630_12260,181
467,gene_468,iCN900.CD630_12790,379
468,gene_469,iCN900.CD630_12820,436
470,gene_471,iCN900.CD630_13270,152
471,gene_472,iCN900.CD630_13340,530
472,gene_473,iCN900.CD630_13820,669
473,gene_474,iCN900.CD630_14770,40
474,gene_475,iCN900.CD630_14780,102
475,gene_476,iCN900.CD630_14790,505
477,gene_478,iCN900.CD630_15170,355
478,gene_479,iCN900.CD630_15260,48
479,gene_480,iCN900.CD630_15360,282
480,gene_481,iCN900.CD630_15370,580
481,gene_482,iCN900.CD630_15430,59
483,gene_484,iCN900.CD630_15880,156
484,gene_485,iCN900.CD630_15940,75
485,gene_486,iCN900.CD630_16140,134
486,gene_487,iCN900.CD630_16550,279
488,gene_489,iCN900.CD630_16630,319
489,gene_490,iCN900.CD630_17290,262
490,gene_491,iCN900.CD630_17750,167
491,gene_492,iCN900.CD630_17850,450
492,gene_493,iCN900.CD630_17920,62
493,gene_494,iCN900.CD630_18060,204
494,gene_495,iCN900.CD630_18200,456
496,gene_497,iCN900.CD630_18360,206
497,gene_498,iCN900.CD630_19040,216
498,gene_499,iCN900.CD630_19470,191
499,gene_500,iCN900.CD630_20200,924
500,gene_501,iCN900.CD630_20320,292
501,gene_502,iCN900.CD630_20330,379
502,gene_503,iCN900.CD630_20590,637
503,gene_504,iCN900.CD630_20830,389
504,gene_505,iCN900.CD630_20840,174
505,gene_506,iCN900.CD630_21020,50
506,gene_507,iCN900.CD630_21150,615
507,gene_508,iCN900.CD630_21170,251
508,gene_509,iCN900.CD630_21180,386
509,gene_510,iCN900.CD630_21280,368
510,gene_511,iCN900.CD630_21300,302
511,gene_512,iCN900.CD630_21350,106
512,gene_513,iCN900.CD630_21360,220
513,gene_514,iCN900.CD630_21380,200
516,gene_517,iCN900.CD630_21940,91
518,gene_519,iCN900.CD630_22450,575
519,gene_520,iCN900.CD630_22760,245
520,gene_521,iCN900.CD630_23200,99
521,gene_522,iCN900.CD630_23210,230
522,gene_523,iCN900.CD630_23300,161
524,gene_525,iCN900.CD630_23560,238
525,gene_526,iCN900.CD630_23610,205
526,gene_527,iCN900.CD630_24590,184
527,gene_528,iCN900.CD630_24640,255
528,gene_529,iCN900.CD630_24930,86
529,gene_530,iCN900.CD630_24960,286
531,gene_532,iCN900.CD630_25370,214
533,gene_534,iCN900.CD630_25770,189
535,gene_536,iCN900.CD630_25880,207
536,gene_537,iCN900.CD630_25940,286
537,gene_538,iCN900.CD630_25950,190
538,gene_539,iCN900.CD630_25960,270
539,gene_540,iCN900.CD630_26100,369
541,gene_542,iCN900.CD630_26230,159
542,gene_543,iCN900.CD630_26530,317
543,gene_544,iCN900.CD630_26540,249
544,gene_545,iCN900.CD630_26550,236
545,gene_546,iCN900.CD630_26640,384
546,gene_547,iCN900.CD630_26820,684
547,gene_548,iCN900.CD630_26910,179
548,gene_549,iCN900.CD630_26950,367
549,gene_550,iCN900.CD630_26960,283
551,gene_552,iCN900.CD630_27140,393
553,gene_554,iCN900.CD630_27330,290
554,gene_555,iCN900.CD630_27390,700
555,gene_556,iCN900.CD630_27410,312
557,gene_558,iCN900.CD630_27440,609
558,gene_559,iCN900.CD630_27450,189
560,gene_561,iCN900.CD630_27800,468
561,gene_562,iCN900.CD630_28320,331
563,gene_564,iCN900.CD630_29540,189
564,gene_565,iCN900.CD630_29550,663
565,gene_566,iCN900.CD630_29560,750
566,gene_567,iCN900.CD630_29561,90
567,gene_568,iCN900.CD630_29570,119
568,gene_569,iCN900.CD630_29590,129
569,gene_570,iCN900.CD630_29600,239
570,gene_571,iCN900.CD630_29660,1294
571,gene_572,iCN900.CD630_31000,127
572,gene_573,iCN900.CD630_31100,347
573,gene_574,iCN900.CD630_31690,182
574,gene_575,iCN900.CD630_31710,590
575,gene_576,iCN900.CD630_31730,448
577,gene_578,iCN900.CD630_31770,1064
578,gene_579,iCN900.CD630_31780,400
579,gene_580,iCN900.CD630_31790,122
580,gene_581,iCN900.CD630_31820,261
581,gene_582,iCN900.CD630_31950,530
582,gene_583,iCN900.CD630_32260,183
583,gene_584,iCN900.CD630_32530,291
584,gene_585,iCN900.CD630_32560,1063
585,gene_586,iCN900.CD630_32580,122
586,gene_587,iCN900.CD630_32610,352
587,gene_588,iCN900.CD630_32680,104
589,gene_590,iCN900.CD630_32730,69
590,gene_591,iCN900.CD630_32740,248
591,gene_592,iCN900.CD630_32820,213
592,gene_593,iCN900.CD630_32860,265
593,gene_594,iCN900.CD630_33080,143
594,gene_595,iCN900.CD630_33950,290
595,gene_596,iCN900.CD630_34020,184
596,gene_597,iCN900.CD630_34050,158
597,gene_598,iCN900.CD630_34060,754
598,gene_599,iCN900.CD630_34070,525
599,gene_600,iCN900.CD630_34150,95
600,gene_601,iCN900.CD630_34160,113
601,gene_602,iCN900.CD630_34170,191
603,gene_604,iCN900.CD630_34240,239
604,gene_605,iCN900.CD630_34290,231
608,gene_609,iCN900.CD630_34590,235
612,gene_613,iCN900.CD630_34740,99
613,gene_614,iCN900.CD630_34770,114
614,gene_615,iCN900.CD630_34790,293
615,gene_616,iCN900.CD630_34910,87
616,gene_617,iCN900.CD630_35140,240
617,gene_618,iCN900.CD630_35180,315
619,gene_620,iCN900.CD630_35300,245
620,gene_621,iCN900.CD630_35430,553
621,gene_622,iCN900.CD630_35500,91
623,gene_624,iCN900.CD630_35580,142
624,gene_625,iCN900.CD630_35620,205
625,gene_626,iCN900.CD630_35660,141
627,gene_628,iCN900.CD630_36640,303
628,gene_629,iCN900.CD630_36700,319
629,gene_630,iEK1008.Rv0032,281
630,gene_631,iEK1008.Rv0125,94
632,gene_633,iEK1008.Rv0183,79
633,gene_634,iEK1008.Rv0217c,158
634,gene_635,iEK1008.Rv0220,50
635,gene_636,iEK1008.Rv0357c,321
638,gene_639,iEK1008.Rv0486,46
639,gene_640,iEK1008.Rv0684,808
641,gene_642,iEK1008.Rv0858c,226
642,gene_643,iEK1008.Rv1076,107
644,gene_645,iEK1008.Rv1106c,51
646,gene_647,iEK1008.Rv1237,129
647,gene_648,iEK1008.Rv1238,335
649,gene_650,iEK1008.Rv1326c,511
651,gene_652,iEK1008.Rv1492,197
653,gene_654,iEK1008.Rv1695,134
654,gene_655,iEK1008.Rv1928c,147
655,gene_656,iEK1008.Rv2040c,113
656,gene_657,iEK1008.Rv2045c,124
657,gene_658,iEK1008.Rv2182c,94
660,gene_661,iEK1008.Rv2316,119
661,gene_662,iEK1008.Rv2334,373
663,gene_664,iEK1008.Rv2581c,126
664,gene_665,iEK1008.Rv2583c,75
665,gene_666,iEK1008.Rv2793c,152
666,gene_667,iEK1008.Rv2834c,100
667,gene_668,iEK1008.Rv2835c,110
668,gene_669,iEK1008.Rv2957,72
669,gene_670,iEK1008.Rv2996c,167
670,gene_671,iEK1008.Rv3084,108
671,gene_672,iEK1008.Rv3089,230
672,gene_673,iEK1008.Rv3113,62
674,gene_675,iEK1008.Rv3206c,76
675,gene_676,iEK1008.Rv3247c,84
676,gene_677,iEK1008.Rv3275c,138
677,gene_678,iEK1008.Rv3332,185
680,gene_681,iEK1008.Rv3569c,89
681,gene_682,iEK1008.Rv3624c,187
685,gene_686,iHN637.CLJU_RS00470,301
686,gene_687,iHN637.CLJU_RS00610,42
687,gene_688,iHN637.CLJU_RS00620,305
688,gene_689,iHN637.CLJU_RS00625,70
689,gene_690,iHN637.CLJU_RS00680,89
690,gene_691,iHN637.CLJU_RS00840,809
691,gene_692,iHN637.CLJU_RS00915,84
692,gene_693,iHN637.CLJU_RS00920,1182
693,gene_694,iHN637.CLJU_RS01030,144
694,gene_695,iHN637.CLJU_RS01055,114
695,gene_696,iHN637.CLJU_RS01075,649
696,gene_697,iHN637.CLJU_RS01130,102
697,gene_698,iHN637.CLJU_RS01135,295
699,gene_700,iHN637.CLJU_RS01165,60
703,gene_704,iHN637.CLJU_RS01260,455
704,gene_705,iHN637.CLJU_RS01300,388
705,gene_706,iHN637.CLJU_RS01315,154
706,gene_707,iHN637.CLJU_RS01375,340
707,gene_708,iHN637.CLJU_RS01390,384
709,gene_710,iHN637.CLJU_RS01590,308
710,gene_711,iHN637.CLJU_RS02100,315
711,gene_712,iHN637.CLJU_RS02400,47
712,gene_713,iHN637.CLJU_RS02615,526
713,gene_714,iHN637.CLJU_RS02620,394
714,gene_715,iHN637.CLJU_RS02630,233
715,gene_716,iHN637.CLJU_RS02730,391
716,gene_717,iHN637.CLJU_RS02740,97
717,gene_718,iHN637.CLJU_RS02745,235
718,gene_719,iHN637.CLJU_RS03250,550
720,gene_721,iHN637.CLJU_RS03400,540
722,gene_723,iHN637.CLJU_RS03675,319
723,gene_724,iHN637.CLJU_RS03910,249
724,gene_725,iHN637.CLJU_RS04010,1162
726,gene_727,iHN637.CLJU_RS04220,350
727,gene_728,iHN637.CLJU_RS04600,333
728,gene_729,iHN637.CLJU_RS04605,1442
730,gene_731,iHN637.CLJU_RS04950,342
731,gene_732,iHN637.CLJU_RS05135,415
732,gene_733,iHN637.CLJU_RS05190,401
733,gene_734,iHN637.CLJU_RS05195,229
734,gene_735,iHN637.CLJU_RS05200,279
737,gene_738,iHN637.CLJU_RS05465,208
738,gene_739,iHN637.CLJU_RS05470,528
739,gene_740,iHN637.CLJU_RS05480,133
740,gene_741,iHN637.CLJU_RS05525,146
741,gene_742,iHN637.CLJU_RS05570,333
742,gene_743,iHN637.CLJU_RS05575,179
743,gene_744,iHN637.CLJU_RS05585,152
744,gene_745,iHN637.CLJU_RS05590,166
745,gene_746,iHN637.CLJU_RS05595,158
746,gene_747,iHN637.CLJU_RS05700,174
747,gene_748,iHN637.CLJU_RS05805,203
748,gene_749,iHN637.CLJU_RS05895,264
749,gene_750,iHN637.CLJU_RS06095,354
750,gene_751,iHN637.CLJU_RS06145,208
751,gene_752,iHN637.CLJU_RS06155,344
752,gene_753,iHN637.CLJU_RS06205,216
753,gene_754,iHN637.CLJU_RS06240,145
754,gene_755,iHN637.CLJU_RS06260,420
755,gene_756,iHN637.CLJU_RS06265,462
756,gene_757,iHN637.CLJU_RS06280,278
757,gene_758,iHN637.CLJU_RS06285,82
758,gene_759,iHN637.CLJU_RS06400,193
759,gene_760,iHN637.CLJU_RS06410,223
760,gene_761,iHN637.CLJU_RS06420,296
761,gene_762,iHN637.CLJU_RS06430,345
762,gene_763,iHN637.CLJU_RS06465,179
763,gene_764,iHN637.CLJU_RS06475,173
764,gene_765,iHN637.CLJU_RS06515,65
765,gene_766,iHN637.CLJU_RS06565,549
766,gene_767,iHN637.CLJU_RS06575,591
767,gene_768,iHN637.CLJU_RS06855,43
768,gene_769,iHN637.CLJU_RS06865,444
769,gene_770,iHN637.CLJU_RS07005,320
770,gene_771,iHN637.CLJU_RS07045,133
771,gene_772,iHN637.CLJU_RS07205,527
772,gene_773,iHN637.CLJU_RS07210,764
773,gene_774,iHN637.CLJU_RS07215,154
775,gene_776,iHN637.CLJU_RS07805,124
776,gene_777,iHN637.CLJU_RS08540,205
777,gene_778,iHN637.CLJU_RS08690,196
778,gene_779,iHN637.CLJU_RS08700,322
779,gene_780,iHN637.CLJU_RS08905,135
780,gene_781,iHN637.CLJU_RS08910,222
781,gene_782,iHN637.CLJU_RS08925,440
784,gene_785,iHN637.CLJU_RS09955,78
785,gene_786,iHN637.CLJU_RS10020,265
786,gene_787,iHN637.CLJU_RS10190,269
787,gene_788,iHN637.CLJU_RS10220,95
788,gene_789,iHN637.CLJU_RS10465,441
789,gene_790,iHN637.CLJU_RS10535,511
790,gene_791,iHN637.CLJU_RS10540,364
791,gene_792,iHN637.CLJU_RS10545,932
793,gene_794,iHN637.CLJU_RS10570,360
794,gene_795,iHN637.CLJU_RS10635,246
797,gene_798,iHN637.CLJU_RS11425,152
798,gene_799,iHN637.CLJU_RS11570,42
800,gene_801,iHN637.CLJU_RS11605,124
801,gene_802,iHN637.CLJU_RS11705,393
803,gene_804,iHN637.CLJU_RS11775,429
804,gene_805,iHN637.CLJU_RS11785,352
805,gene_806,iHN637.CLJU_RS12040,87
807,gene_808,iHN637.CLJU_RS12475,565
809,gene_810,iHN637.CLJU_RS12895,325
810,gene_811,iHN637.CLJU_RS13070,134
811,gene_812,iHN637.CLJU_RS13075,215
812,gene_813,iHN637.CLJU_RS13140,154
813,gene_814,iHN637.CLJU_RS13685,288
814,gene_815,iHN637.CLJU_RS13830,377
815,gene_816,iHN637.CLJU_RS13835,377
817,gene_818,iHN637.CLJU_RS14475,703
818,gene_819,iHN637.CLJU_RS14765,166
820,gene_821,iHN637.CLJU_RS15780,432
821,gene_822,iHN637.CLJU_RS15830,261
822,gene_823,iHN637.CLJU_RS16210,286
823,gene_824,iHN637.CLJU_RS16355,412
824,gene_825,iHN637.CLJU_RS16390,227
825,gene_826,iHN637.CLJU_RS16395,181
826,gene_827,iHN637.CLJU_RS16615,626
827,gene_828,iHN637.CLJU_RS16620,196
828,gene_829,iHN637.CLJU_RS16730,370
830,gene_831,iHN637.CLJU_RS16970,359
831,gene_832,iHN637.CLJU_RS17035,166
832,gene_833,iHN637.CLJU_RS17040,309
833,gene_834,iHN637.CLJU_RS17045,296
834,gene_835,iHN637.CLJU_RS17100,264
835,gene_836,iHN637.CLJU_RS17105,1006
836,gene_837,iHN637.CLJU_RS17490,75
837,gene_838,iHN637.CLJU_RS17650,119
838,gene_839,iHN637.CLJU_RS18285,246
839,gene_840,iHN637.CLJU_RS18300,602
840,gene_841,iHN637.CLJU_RS18325,272
841,gene_842,iHN637.CLJU_RS18335,578
842,gene_843,iHN637.CLJU_RS18405,206
846,gene_847,iHN637.CLJU_RS18510,43
847,gene_848,iHN637.CLJU_RS18530,207
848,gene_849,iHN637.CLJU_RS18535,133
849,gene_850,iHN637.CLJU_RS18540,778
852,gene_853,iHN637.CLJU_RS18905,58
853,gene_854,iHN637.CLJU_RS18940,471
854,gene_855,iHN637.CLJU_RS19260,610
855,gene_856,iHN637.CLJU_RS19265,295
856,gene_857,iHN637.CLJU_RS19270,482
858,gene_859,iHN637.CLJU_RS19355,80
859,gene_860,iHN637.CLJU_RS19890,254
860,gene_861,iHN637.CLJU_RS19905,588
861,gene_862,iHN637.CLJU_RS19935,111
864,gene_865,iHN637.CLJU_RS20110,197
865,gene_866,iHN637.CLJU_RS20465,185
866,gene_867,iHN637.CLJU_RS20535,324
867,gene_868,iHN637.CLJU_RS20580,248
868,gene_869,iHN637.CLJU_RS20600,341
869,gene_870,iHN637.CLJU_RS20680,460
870,gene_871,iHN637.CLJU_RS20765,152
875,gene_876,iIT341.HP0055,325
876,gene_877,iIT341.HP0197,53
877,gene_878,iIT341.HP0364,252
879,gene_880,iIT341.HP0742,230
880,gene_881,iIT341.HP0824,102
882,gene_883,iIT341.HP1020,155
885,gene_886,iIT341.HP1458,37
886,gene_887,iJN1463.PP_0065,196
887,gene_888,iJN1463.PP_0112,212
888,gene_889,iJN1463.PP_0114,265
889,gene_890,iJN1463.PP_0129,103
891,gene_892,iJN1463.PP_0209,157
892,gene_893,iJN1463.PP_0225,227
893,gene_894,iJN1463.PP_0227,72
894,gene_895,iJN1463.PP_0283,224
897,gene_898,iJN1463.PP_0322,464
898,gene_899,iJN1463.PP_0376,44
899,gene_900,iJN1463.PP_0416,108
900,gene_901,iJN1463.PP_0553,44
901,gene_902,iJN1463.PP_0675,415
902,gene_903,iJN1463.PP_0722,226
903,gene_904,iJN1463.PP_0762,206
905,gene_906,iJN1463.PP_0843,147
906,gene_907,iJN1463.PP_0854,346
909,gene_910,iJN1463.PP_0936,129
910,gene_911,iJN1463.PP_0964,311
911,gene_912,iJN1463.PP_1017,89
912,gene_913,iJN1463.PP_1018,144
913,gene_914,iJN1463.PP_1137,234
915,gene_916,iJN1463.PP_1139,178
917,gene_918,iJN1463.PP_1167,65
918,gene_919,iJN1463.PP_1205,384
920,gene_921,iJN1463.PP_1280,296
922,gene_923,iJN1463.PP_1336,197
925,gene_926,iJN1463.PP_1593,196
927,gene_928,iJN1463.PP_1761,93
929,gene_930,iJN1463.PP_1768,332
930,gene_931,iJN1463.PP_1783,354
932,gene_933,iJN1463.PP_1805,340
933,gene_934,iJN1463.PP_1877,139
934,gene_935,iJN1463.PP_2012,125
935,gene_936,iJN1463.PP_2125,80
936,gene_937,iJN1463.PP_2410,197
937,gene_938,iJN1463.PP_2456,74
938,gene_939,iJN1463.PP_2458,176
940,gene_941,iJN1463.PP_2514,57
941,gene_942,iJN1463.PP_2794,72
943,gene_944,iJN1463.PP_3285,85
944,gene_945,iJN1463.PP_3417,202
946,gene_947,iJN1463.PP_3466,158
947,gene_948,iJN1463.PP_4000,257
948,gene_949,iJN1463.PP_4058,514
949,gene_950,iJN1463.PP_4059,213
950,gene_951,iJN1463.PP_4067,53
951,gene_952,iJN1463.PP_4148,151
952,gene_953,iJN1463.PP_4187,43
953,gene_954,iJN1463.PP_4210,206
954,gene_955,iJN1463.PP_4213,72
957,gene_958,iJN1463.PP_4639,90
958,gene_959,iJN1463.PP_4670,95
960,gene_961,iJN1463.PP_4715,84
961,gene_962,iJN1463.PP_4725,179
962,gene_963,iJN1463.PP_4803,160
964,gene_965,iJN1463.PP_4842,90
965,gene_966,iJN1463.PP_4843,70
966,gene_967,iJN1463.PP_4863,224
967,gene_968,iJN1463.PP_4865,162
969,gene_970,iJN1463.PP_4893,235
970,gene_971,iJN1463.PP_4935,270
971,gene_972,iJN1463.PP_4946,122
973,gene_974,iJN1463.PP_5100,141
977,gene_978,iJN1463.PP_5302,70
978,gene_979,iJN1463.PP_5346,496
980,gene_981,iJN1463.PP_5413,545
982,gene_983,iLB1027_lipid.PHATRDRAFT_47152,79
983,gene_984,iLJ478.TM0010,758
986,gene_987,iLJ478.TM0060,155
987,gene_988,iLJ478.TM0067,117
988,gene_989,iLJ478.TM0068,523
989,gene_990,iLJ478.TM0112,45
990,gene_991,iLJ478.TM0115,376
991,gene_992,iLJ478.TM0167,379
992,gene_993,iLJ478.TM0172,438
993,gene_994,iLJ478.TM0201,541
994,gene_995,iLJ478.TM0209,300
995,gene_996,iLJ478.TM0239,214
996,gene_997,iLJ478.TM0274,435
997,gene_998,iLJ478.TM0282,247
998,gene_999,iLJ478.TM0296,154
1000,gene_1001,iLJ478.TM0421,239
1002,gene_1003,iLJ478.TM0689,458
1004,gene_1005,iLJ478.TM0809,157
1005,gene_1006,iLJ478.TM0869,242
1007,gene_1008,iLJ478.TM0911,274
1008,gene_1009,iLJ478.TM0956,374
1009,gene_1010,iLJ478.TM0960,143
1010,gene_1011,iLJ478.TM1062,156
1011,gene_1012,iLJ478.TM1063,335
1012,gene_1013,iLJ478.TM1064,336
1016,gene_1017,iLJ478.TM1090,374
1017,gene_1018,iLJ478.TM1121,120
1018,gene_1019,iLJ478.TM1135,140
1019,gene_1020,iLJ478.TM1136,228
1020,gene_1021,iLJ478.TM1137,169
1021,gene_1022,iLJ478.TM1138,275
1022,gene_1023,iLJ478.TM1139,256
1023,gene_1024,iLJ478.TM1148,465
1024,gene_1025,iLJ478.TM1161,231
1025,gene_1026,iLJ478.TM1287,82
1026,gene_1027,iLJ478.TM1376,239
1027,gene_1028,iLJ478.TM1379,268
1028,gene_1029,iLJ478.TM1384,185
1029,gene_1030,iLJ478.TM1385,327
1030,gene_1031,iLJ478.TM1396,435
1031,gene_1032,iLJ478.TM1398,216
1032,gene_1033,iLJ478.TM1414,117
1033,gene_1034,iLJ478.TM1426,54
1034,gene_1035,iLJ478.TM1430,678
1036,gene_1037,iLJ478.TM1469,194
1037,gene_1038,iLJ478.TM1559,218
1038,gene_1039,iLJ478.TM1585,407
1039,gene_1040,iLJ478.TM1621,63
1040,gene_1041,iLJ478.TM1628,244
1041,gene_1042,iLJ478.TM1640,225
1042,gene_1043,iLJ478.TM1653,414
1043,gene_1044,iLJ478.TM1658,412
1044,gene_1045,iLJ478.TM1718,202
1045,gene_1046,iLJ478.TM1724,188
1046,gene_1047,iLJ478.TM1747,97
1047,gene_1048,iLJ478.TM1749,35
1048,gene_1049,iLJ478.TM1750,328
1049,gene_1050,iLJ478.TM1845,410
1050,gene_1051,iLJ478.TM1848,991
1051,gene_1052,iML1515.b0086,248
1052,gene_1053,iML1515.b0089,210
1053,gene_1054,iML1515.b0174,210
1054,gene_1055,iML1515.b0199,115
1055,gene_1056,iML1515.b0336,319
1058,gene_1059,iML1515.b0650,42
1060,gene_1061,iML1515.b0757,149
1061,gene_1062,iML1515.b0764,49
1066,gene_1067,iML1515.b0914,311
1068,gene_1069,iML1515.b1010,70
1069,gene_1070,iML1515.b1103,103
1071,gene_1072,iML1515.b1238,164
1072,gene_1073,iML1515.b1247,325
1074,gene_1075,iML1515.b1317,70
1076,gene_1077,iML1515.b1400,77
1078,gene_1079,iML1515.b1490,112
1080,gene_1081,iML1515.b1601,43
1083,gene_1084,iML1515.b1617,163
1084,gene_1085,iML1515.b1619,114
1085,gene_1086,iML1515.b1655,84
1087,gene_1088,iML1515.b1727,69
1088,gene_1089,iML1515.b1761,403
1089,gene_1090,iML1515.b1779,474
1090,gene_1091,iML1515.b1821,127
1091,gene_1092,iML1515.b1832,154
1093,gene_1094,iML1515.b1856,52
1094,gene_1095,iML1515.b1858,80
1095,gene_1096,iML1515.b1917,235
1097,gene_1098,iML1515.b1985,192
1100,gene_1101,iML1515.b2039,357
1101,gene_1102,iML1515.b2147,112
1103,gene_1104,iML1515.b2149,372
1105,gene_1106,iML1515.b2165,324
1108,gene_1109,iML1515.b2204,58
1110,gene_1111,iML1515.b2306,210
1111,gene_1112,iML1515.b2411,480
1114,gene_1115,iML1515.b2499,335
1115,gene_1116,iML1515.b2529,145
1116,gene_1117,iML1515.b2582,103
1117,gene_1118,iML1515.b2700,113
1118,gene_1119,iML1515.b2744,154
1119,gene_1120,iML1515.b2746,168
1120,gene_1121,iML1515.b2866,662
1121,gene_1122,iML1515.b2867,234
1122,gene_1123,iML1515.b2868,146
1123,gene_1124,iML1515.b2917,186
1124,gene_1125,iML1515.b2924,159
1125,gene_1126,iML1515.b2942,422
1126,gene_1127,iML1515.b2954,140
1127,gene_1128,iML1515.b3001,57
1128,gene_1129,iML1515.b3040,64
1129,gene_1130,iML1515.b3092,519
1130,gene_1131,iML1515.b3124,58
1131,gene_1132,iML1515.b3189,345
1132,gene_1133,iML1515.b3213,40
1133,gene_1134,iML1515.b3248,143
1134,gene_1135,iML1515.b3290,191
1135,gene_1136,iML1515.b3291,63
1136,gene_1137,iML1515.b3409,50
1137,gene_1138,iML1515.b3417,581
1138,gene_1139,iML1515.b3428,585
1139,gene_1140,iML1515.b3432,494
1141,gene_1142,iML1515.b3450,313
1142,gene_1143,iML1515.b3454,252
1143,gene_1144,iML1515.b3455,146
1144,gene_1145,iML1515.b3456,167
1145,gene_1146,iML1515.b3457,211
1146,gene_1147,iML1515.b3519,41
1148,gene_1149,iML1515.b3567,309
1149,gene_1150,iML1515.b3590,75
1150,gene_1151,iML1515.b3616,217
1153,gene_1154,iML1515.b3697,114
1154,gene_1155,iML1515.b3708,235
1155,gene_1156,iML1515.b3734,449
1156,gene_1157,iML1515.b3752,131
1157,gene_1158,iML1515.b3781,105
1158,gene_1159,iML1515.b3784,62
1160,gene_1161,iML1515.b3789,355
1161,gene_1162,iML1515.b3870,395
1162,gene_1163,iML1515.b3878,245
1164,gene_1165,iML1515.b3926,622
1166,gene_1167,iML1515.b4035,196
1168,gene_1169,iML1515.b4086,61
1169,gene_1170,iML1515.b4090,138
1170,gene_1171,iML1515.b4119,126
1171,gene_1172,iML1515.b4167,196
1172,gene_1173,iML1515.b4173,248
1173,gene_1174,iML1515.b4230,52
1176,gene_1177,iML1515.b4352,90
1177,gene_1178,iML1515.b4478,144
1179,gene_1180,iMM1415.107272,317
1182,gene_1183,iMM1415.110095,630
1183,gene_1184,iMM1415.110208,642
1185,gene_1186,iMM1415.14450,359
1188,gene_1189,iMM1415.18195,128
1189,gene_1190,iMM1415.18670,217
1190,gene_1191,iMM1415.19309,614
1191,gene_1192,iMM1415.22273,132
1193,gene_1194,iMM1415.23945,80
1194,gene_1195,iMM1415.245847,187
1195,gene_1196,iMM1415.269951,439
1196,gene_1197,iMM1415.436059,172
1199,gene_1200,iMM1415.74246,395
1200,gene_1201,iMM904.YBL099W,458
1202,gene_1203,iMM904.YDL066W,433
1203,gene_1204,iMM904.YGR209C,39
1204,gene_1205,iMM904.YGR256W,601
1205,gene_1206,iMM904.YHR183W,565
1207,gene_1208,iMM904.YJR121W,527
1209,gene_1210,iMM904.YLR153C,41
1210,gene_1211,iMM904.YLR180W,338
1211,gene_1212,iMM904.YML059C,110
1212,gene_1213,iMM904.YPR006C,42
1213,gene_1214,iNF517.LLMG_RS00090,182
1214,gene_1215,iNF517.LLMG_RS00430,378
1216,gene_1217,iNF517.LLMG_RS01055,470
1217,gene_1218,iNF517.LLMG_RS01090,353
1222,gene_1223,iNF517.LLMG_RS01630,294
1224,gene_1225,iNF517.LLMG_RS01960,58
1225,gene_1226,iNF517.LLMG_RS01970,144
1226,gene_1227,iNF517.LLMG_RS01990,127
1227,gene_1228,iNF517.LLMG_RS02055,303
1229,gene_1230,iNF517.LLMG_RS02315,148
1230,gene_1231,iNF517.LLMG_RS02630,311
1231,gene_1232,iNF517.LLMG_RS02890,169
1233,gene_1234,iNF517.LLMG_RS03160,180
1235,gene_1236,iNF517.LLMG_RS04060,368
1236,gene_1237,iNF517.LLMG_RS04065,157
1237,gene_1238,iNF517.LLMG_RS05125,554
1238,gene_1239,iNF517.LLMG_RS05390,241
1239,gene_1240,iNF517.LLMG_RS05525,160
1240,gene_1241,iNF517.LLMG_RS05670,195
1242,gene_1243,iNF517.LLMG_RS06820,172
1243,gene_1244,iNF517.LLMG_RS07220,163
1244,gene_1245,iNF517.LLMG_RS07320,135
1245,gene_1246,iNF517.LLMG_RS07600,47
1246,gene_1247,iNF517.LLMG_RS07670,280
1248,gene_1249,iNF517.LLMG_RS08455,249
1249,gene_1250,iNF517.LLMG_RS08750,786
1250,gene_1251,iNF517.LLMG_RS08760,227
1251,gene_1252,iNF517.LLMG_RS08890,477
1252,gene_1253,iNF517.LLMG_RS09360,361
1253,gene_1254,iNF517.LLMG_RS09365,617
1254,gene_1255,iNF517.LLMG_RS09540,404
1255,gene_1256,iNF517.LLMG_RS09715,75
1256,gene_1257,iNF517.LLMG_RS09720,285
1257,gene_1258,iNF517.LLMG_RS09745,469
1258,gene_1259,iNF517.LLMG_RS09915,287
1259,gene_1260,iNF517.LLMG_RS10105,211
1260,gene_1261,iNF517.LLMG_RS10365,173
1261,gene_1262,iNF517.LLMG_RS10940,254
1262,gene_1263,iNF517.LLMG_RS11000,213
1263,gene_1264,iNF517.LLMG_RS11055,335
1266,gene_1267,iNF517.LLMG_RS11600,475
1267,gene_1268,iNF517.LLMG_RS11965,400
1268,gene_1269,iNF517.LLMG_RS11990,277
1272,gene_1273,iNF517.LLMG_RS12755,362
1273,gene_1274,iPC815.YPO0008,188
1276,gene_1277,iPC815.YPO0132,54
1277,gene_1278,iPC815.YPO0138,723
1279,gene_1280,iPC815.YPO0156,90
1282,gene_1283,iPC815.YPO0239,201
1283,gene_1284,iPC815.YPO0329,446
1284,gene_1285,iPC815.YPO0330,277
1285,gene_1286,iPC815.YPO0425,49
1286,gene_1287,iPC815.YPO0440,230
1287,gene_1288,iPC815.YPO0579,486
1288,gene_1289,iPC815.YPO0926,597
1289,gene_1290,iPC815.YPO0931,389
1290,gene_1291,iPC815.YPO0945,135
1291,gene_1292,iPC815.YPO0958,191
1292,gene_1293,iPC815.YPO1049,217
1294,gene_1295,iPC815.YPO1073,113
1296,gene_1297,iPC815.YPO1137,126
1297,gene_1298,iPC815.YPO1215,47
1298,gene_1299,iPC815.YPO1332,80
1299,gene_1300,iPC815.YPO1389,317
1300,gene_1301,iPC815.YPO1395,283
1301,gene_1302,iPC815.YPO1508,371
1302,gene_1303,iPC815.YPO1524,151
1303,gene_1304,iPC815.YPO1581,317
1304,gene_1305,iPC815.YPO1599,75
1305,gene_1306,iPC815.YPO1926,204
1306,gene_1307,iPC815.YPO2060,77
1308,gene_1309,iPC815.YPO2176,165
1309,gene_1310,iPC815.YPO2256,303
1310,gene_1311,iPC815.YPO2302,283
1312,gene_1313,iPC815.YPO2499,155
1313,gene_1314,iPC815.YPO2539,234
1314,gene_1315,iPC815.YPO2630,614
1315,gene_1316,iPC815.YPO2736,42
1316,gene_1317,iPC815.YPO2907,452
1318,gene_1319,iPC815.YPO3144,169
1319,gene_1320,iPC815.YPO3305,422
1320,gene_1321,iPC815.YPO3358,166
1324,gene_1325,iPC815.YPO3627,118
1325,gene_1326,iPC815.YPO3714,43
1327,gene_1328,iPC815.YPO3793,303
1328,gene_1329,iPC815.YPO3804,231
1329,gene_1330,iPC815.YPO3805,144
1330,gene_1331,iPC815.YPO3806,164
1331,gene_1332,iPC815.YPO3861,369
1332,gene_1333,iPC815.YPO3868,103
1334,gene_1335,iPC815.YPO3942,552
1335,gene_1336,iPC815.YPO3964,329
1336,gene_1337,iPC815.YPO3971,392
1337,gene_1338,iPC815.YPO3980,53
1338,gene_1339,iPC815.YPO4035,42
1340,gene_1341,iSDY_1059.SDY_0053,167
1341,gene_1342,iSDY_1059.SDY_0190,210
1342,gene_1343,iSDY_1059.SDY_0213,367
1343,gene_1344,iSDY_1059.SDY_0218,273
1345,gene_1346,iSDY_1059.SDY_0524,102
1346,gene_1347,iSDY_1059.SDY_0614,622
1347,gene_1348,iSDY_1059.SDY_0704,147
1348,gene_1349,iSDY_1059.SDY_0706,384
1349,gene_1350,iSDY_1059.SDY_0711,49
1350,gene_1351,iSDY_1059.SDY_0755,238
1353,gene_1354,iSDY_1059.SDY_0843,50
1354,gene_1355,iSDY_1059.SDY_0874,57
1355,gene_1356,iSDY_1059.SDY_0985,70
1357,gene_1358,iSDY_1059.SDY_1025,229
1359,gene_1360,iSDY_1059.SDY_1145,91
1360,gene_1361,iSDY_1059.SDY_1256,39
1361,gene_1362,iSDY_1059.SDY_1290,169
1362,gene_1363,iSDY_1059.SDY_1474,226
1364,gene_1365,iSDY_1059.SDY_1514,479
1365,gene_1366,iSDY_1059.SDY_1551,279
1366,gene_1367,iSDY_1059.SDY_1733,231
1370,gene_1371,iSDY_1059.SDY_2213,461
1371,gene_1372,iSDY_1059.SDY_2344,311
1372,gene_1373,iSDY_1059.SDY_2368,247
1375,gene_1376,iSDY_1059.SDY_2608,476
1378,gene_1379,iSDY_1059.SDY_2725,127
1381,gene_1382,iSDY_1059.SDY_2837,140
1382,gene_1383,iSDY_1059.SDY_2893,402
1384,gene_1385,iSDY_1059.SDY_2943,162
1385,gene_1386,iSDY_1059.SDY_2945,168
1386,gene_1387,iSDY_1059.SDY_3118,143
1387,gene_1388,iSDY_1059.SDY_3130,422
1388,gene_1389,iSDY_1059.SDY_3141,49
1389,gene_1390,iSDY_1059.SDY_3200,70
1390,gene_1391,iSDY_1059.SDY_3370,342
1392,gene_1393,iSDY_1059.SDY_3466,192
1393,gene_1394,iSDY_1059.SDY_3578,544
1394,gene_1395,iSDY_1059.SDY_3595,372
1395,gene_1396,iSDY_1059.SDY_3603,226
1396,gene_1397,iSDY_1059.SDY_3605,167
1397,gene_1398,iSDY_1059.SDY_3631,144
1398,gene_1399,iSDY_1059.SDY_3635,80
1399,gene_1400,iSDY_1059.SDY_3659,575
1400,gene_1401,iSDY_1059.SDY_3667,50
1402,gene_1403,iSDY_1059.SDY_3786,199
1403,gene_1404,iSDY_1059.SDY_3818,644
1405,gene_1406,iSDY_1059.SDY_3959,363
1406,gene_1407,iSDY_1059.SDY_3964,63
1407,gene_1408,iSDY_1059.SDY_3968,105
1408,gene_1409,iSDY_1059.SDY_4014,449
1410,gene_1411,iSDY_1059.SDY_4085,67
1411,gene_1412,iSDY_1059.SDY_4258,387
1412,gene_1413,iSDY_1059.SDY_4350,167
1413,gene_1414,iSDY_1059.SDY_4644,234
1414,gene_1415,iSF_1195.SF0164,210
1415,gene_1416,iSF_1195.SF0190,112
1417,gene_1418,iSF_1195.SF0532,549
1418,gene_1419,iSF_1195.SF0540,60
1419,gene_1420,iSF_1195.SF0545,385
1420,gene_1421,iSF_1195.SF0547,119
1421,gene_1422,iSF_1195.SF0613,620
1423,gene_1424,iSF_1195.SF0643,54
1425,gene_1426,iSF_1195.SF0794,50
1426,gene_1427,iSF_1195.SF0910,287
1427,gene_1428,iSF_1195.SF1013,63
1428,gene_1429,iSF_1195.SF1097,69
1430,gene_1431,iSF_1195.SF1210,39
1431,gene_1432,iSF_1195.SF1238,164
1434,gene_1435,iSF_1195.SF1247,317
1435,gene_1436,iSF_1195.SF1248,325
1441,gene_1442,iSF_1195.SF1867,79
1443,gene_1444,iSF_1195.SF2102,355
1444,gene_1445,iSF_1195.SF2233,113
1445,gene_1446,iSF_1195.SF2234,372
1446,gene_1447,iSF_1195.SF2247,392
1447,gene_1448,iSF_1195.SF2288,58
1448,gene_1449,iSF_1195.SF2466,476
1449,gene_1450,iSF_1195.SF2507,48
1451,gene_1452,iSF_1195.SF2576,145
1452,gene_1453,iSF_1195.SF2598,457
1454,gene_1455,iSF_1195.SF2653,141
1455,gene_1456,iSF_1195.SF2720,442
1457,gene_1458,iSF_1195.SF2767,158
1458,gene_1459,iSF_1195.SF2854,407
1459,gene_1460,iSF_1195.SF2868,672
1460,gene_1461,iSF_1195.SF2869,232
1461,gene_1462,iSF_1195.SF2870,144
1462,gene_1463,iSF_1195.SF2902,184
1463,gene_1464,iSF_1195.SF2933,394
1464,gene_1465,iSF_1195.SF2945,145
1465,gene_1466,iSF_1195.SF3080,64
1466,gene_1467,iSF_1195.SF3132,503
1471,gene_1472,iSF_1195.SF3321,211
1474,gene_1475,iSF_1195.SF3428,50
1476,gene_1477,iSF_1195.SF3455,546
1477,gene_1478,iSF_1195.SF3472,228
1478,gene_1479,iSF_1195.SF3473,146
1479,gene_1480,iSF_1195.SF3474,164
1480,gene_1481,iSF_1195.SF3475,211
1481,gene_1482,iSF_1195.SF3550,41
1482,gene_1483,iSF_1195.SF3578,232
1483,gene_1484,iSF_1195.SF3587,166
1484,gene_1485,iSF_1195.SF3611,313
1485,gene_1486,iSF_1195.SF3612,43
1491,gene_1492,iSF_1195.SF3814,449
1492,gene_1493,iSF_1195.SF3835,132
1493,gene_1494,iSF_1195.SF3854,55
1494,gene_1495,iSF_1195.SF3858,62
1495,gene_1496,iSF_1195.SF3862,365
1496,gene_1497,iSF_1195.SF3863,366
1499,gene_1500,iSF_1195.SF3981,273
1500,gene_1501,iSF_1195.SF4028,203
1503,gene_1504,iSF_1195.SF4261,45
1504,gene_1505,iSF_1195.SF4262,36
1505,gene_1506,iSSON_1240.SSON_0094,250
1506,gene_1507,iSSON_1240.SSON_0100,115
1507,gene_1508,iSSON_1240.SSON_0186,215
1508,gene_1509,iSSON_1240.SSON_0213,273
1509,gene_1510,iSSON_1240.SSON_0539,142
1510,gene_1511,iSSON_1240.SSON_0544,102
1513,gene_1514,iSSON_1240.SSON_0604,42
1514,gene_1515,iSSON_1240.SSON_0632,82
1515,gene_1516,iSSON_1240.SSON_0634,622
1516,gene_1517,iSSON_1240.SSON_0709,119
1518,gene_1519,iSSON_1240.SSON_0716,60
1519,gene_1520,iSSON_1240.SSON_0812,140
1521,gene_1522,iSSON_1240.SSON_0826,50
1522,gene_1523,iSSON_1240.SSON_0894,250
1523,gene_1524,iSSON_1240.SSON_0916,286
1525,gene_1526,iSSON_1240.SSON_1113,69
1526,gene_1527,iSSON_1240.SSON_1144,241
1527,gene_1528,iSSON_1240.SSON_1219,50
1528,gene_1529,iSSON_1240.SSON_1283,92
1530,gene_1531,iSSON_1240.SSON_1395,402
1534,gene_1535,iSSON_1240.SSON_1751,64
1536,gene_1537,iSSON_1240.SSON_1941,172
1537,gene_1538,iSSON_1240.SSON_2099,464
1539,gene_1540,iSSON_1240.SSON_2203,112
1540,gene_1541,iSSON_1240.SSON_2204,112
1541,gene_1542,iSSON_1240.SSON_2205,372
1542,gene_1543,iSSON_1240.SSON_2218,393
1544,gene_1545,iSSON_1240.SSON_2262,58
1545,gene_1546,iSSON_1240.SSON_2314,162
1546,gene_1547,iSSON_1240.SSON_2364,237
1548,gene_1549,iSSON_1240.SSON_2500,473
1551,gene_1552,iSSON_1240.SSON_2561,116
1552,gene_1553,iSSON_1240.SSON_2581,335
1553,gene_1554,iSSON_1240.SSON_2611,127
1554,gene_1555,iSSON_1240.SSON_2720,141
1555,gene_1556,iSSON_1240.SSON_2841,441
1556,gene_1557,iSSON_1240.SSON_2892,165
1558,gene_1559,iSSON_1240.SSON_3004,407
1559,gene_1560,iSSON_1240.SSON_3017,662
1560,gene_1561,iSSON_1240.SSON_3018,224
1561,gene_1562,iSSON_1240.SSON_3019,134
1562,gene_1563,iSSON_1240.SSON_3096,394
1563,gene_1564,iSSON_1240.SSON_3108,144
1564,gene_1565,iSSON_1240.SSON_3177,68
1565,gene_1566,iSSON_1240.SSON_3245,503
1567,gene_1568,iSSON_1240.SSON_3361,40
1568,gene_1569,iSSON_1240.SSON_3430,191
1569,gene_1570,iSSON_1240.SSON_3540,48
1570,gene_1571,iSSON_1240.SSON_3549,575
1571,gene_1572,iSSON_1240.SSON_3672,546
1572,gene_1573,iSSON_1240.SSON_3692,229
1573,gene_1574,iSSON_1240.SSON_3693,146
1574,gene_1575,iSSON_1240.SSON_3694,163
1576,gene_1577,iSSON_1240.SSON_3714,151
1578,gene_1579,iSSON_1240.SSON_3782,91
1579,gene_1580,iSSON_1240.SSON_3835,167
1580,gene_1581,iSSON_1240.SSON_3922,179
1581,gene_1582,iSSON_1240.SSON_3952,105
1583,gene_1584,iSSON_1240.SSON_3961,363
1585,gene_1586,iSSON_1240.SSON_4095,642
1586,gene_1587,iSSON_1240.SSON_4178,369
1587,gene_1588,iSSON_1240.SSON_4213,196
1590,gene_1591,iSSON_1240.SSON_4410,36
1591,gene_1592,iSSON_1240.SSON_4411,52
1592,gene_1593,iSSON_1240.SSON_4412,41
1595,gene_1596,iSbBS512_1146.SbBS512_E0167,216
1596,gene_1597,iSbBS512_1146.SbBS512_E0193,115
1599,gene_1600,iSbBS512_1146.SbBS512_E0570,584
1600,gene_1601,iSbBS512_1146.SbBS512_E0599,280
1601,gene_1602,iSbBS512_1146.SbBS512_E0678,148
1602,gene_1603,iSbBS512_1146.SbBS512_E0680,387
1603,gene_1604,iSbBS512_1146.SbBS512_E0685,60
1604,gene_1605,iSbBS512_1146.SbBS512_E0737,58
1605,gene_1606,iSbBS512_1146.SbBS512_E0742,42
1606,gene_1607,iSbBS512_1146.SbBS512_E0824,112
1607,gene_1608,iSbBS512_1146.SbBS512_E0954,79
1610,gene_1611,iSbBS512_1146.SbBS512_E1194,377
1611,gene_1612,iSbBS512_1146.SbBS512_E1204,365
1613,gene_1614,iSbBS512_1146.SbBS512_E1403,171
1614,gene_1615,iSbBS512_1146.SbBS512_E1413,149
1615,gene_1616,iSbBS512_1146.SbBS512_E1416,325
1616,gene_1617,iSbBS512_1146.SbBS512_E1746,77
1617,gene_1618,iSbBS512_1146.SbBS512_E1788,279
1618,gene_1619,iSbBS512_1146.SbBS512_E1789,251
1619,gene_1620,iSbBS512_1146.SbBS512_E1796,59
1620,gene_1621,iSbBS512_1146.SbBS512_E1829,298
1621,gene_1622,iSbBS512_1146.SbBS512_E1895,171
1622,gene_1623,iSbBS512_1146.SbBS512_E1896,228
1623,gene_1624,iSbBS512_1146.SbBS512_E2014,403
1624,gene_1625,iSbBS512_1146.SbBS512_E2125,184
1625,gene_1626,iSbBS512_1146.SbBS512_E2302,347
1626,gene_1627,iSbBS512_1146.SbBS512_E2410,311
1629,gene_1630,iSbBS512_1146.SbBS512_E2517,241
1630,gene_1631,iSbBS512_1146.SbBS512_E2522,72
1633,gene_1634,iSbBS512_1146.SbBS512_E2904,142
1634,gene_1635,iSbBS512_1146.SbBS512_E2954,103
1636,gene_1637,iSbBS512_1146.SbBS512_E3130,165
1637,gene_1638,iSbBS512_1146.SbBS512_E3180,440
1638,gene_1639,iSbBS512_1146.SbBS512_E3374,394
1639,gene_1640,iSbBS512_1146.SbBS512_E3386,145
1640,gene_1641,iSbBS512_1146.SbBS512_E3472,63
1641,gene_1642,iSbBS512_1146.SbBS512_E3528,501
1642,gene_1643,iSbBS512_1146.SbBS512_E3581,345
1643,gene_1644,iSbBS512_1146.SbBS512_E3674,191
1645,gene_1646,iSbBS512_1146.SbBS512_E3790,50
1646,gene_1647,iSbBS512_1146.SbBS512_E3798,580
1647,gene_1648,iSbBS512_1146.SbBS512_E3845,146
1649,gene_1650,iSbBS512_1146.SbBS512_E3866,167
1650,gene_1651,iSbBS512_1146.SbBS512_E3868,252
1651,gene_1652,iSbBS512_1146.SbBS512_E3892,491
1652,gene_1653,iSbBS512_1146.SbBS512_E3955,309
1655,gene_1656,iSbBS512_1146.SbBS512_E4044,217
1657,gene_1658,iSbBS512_1146.SbBS512_E4050,45
1659,gene_1660,iSbBS512_1146.SbBS512_E4132,366
1661,gene_1662,iSbBS512_1146.SbBS512_E4140,105
1662,gene_1663,iSbBS512_1146.SbBS512_E4167,178
1663,gene_1664,iSbBS512_1146.SbBS512_E4408,643
1664,gene_1665,iSbBS512_1146.SbBS512_E4496,369
1666,gene_1667,iSbBS512_1146.SbBS512_E4854,57
1667,gene_1668,iSynCJ816.SGL_RS02440,93
1668,gene_1669,iSynCJ816.SGL_RS02445,221
1669,gene_1670,iSynCJ816.SGL_RS02645,165
1670,gene_1671,iSynCJ816.SGL_RS02995,47
1671,gene_1672,iSynCJ816.SGL_RS03010,439
1679,gene_1680,iSynCJ816.SGL_RS05125,48
1680,gene_1681,iSynCJ816.SGL_RS05565,145
1682,gene_1683,iSynCJ816.SGL_RS06015,75
1683,gene_1684,iSynCJ816.SGL_RS06105,249
1688,gene_1689,iSynCJ816.SGL_RS06895,616
1689,gene_1690,iSynCJ816.SGL_RS07100,632
1690,gene_1691,iSynCJ816.SGL_RS07245,115
1691,gene_1692,iSynCJ816.SGL_RS07670,165
1693,gene_1694,iSynCJ816.SGL_RS08600,167
1694,gene_1695,iSynCJ816.SGL_RS09310,50
1695,gene_1696,iSynCJ816.SGL_RS09640,85
1696,gene_1697,iSynCJ816.SGL_RS09665,431
1697,gene_1698,iSynCJ816.SGL_RS09950,216
1698,gene_1699,iSynCJ816.SGL_RS10140,235
1700,gene_1701,iSynCJ816.SGL_RS10930,829
1703,gene_1704,iSynCJ816.SGL_RS12175,189
1704,gene_1705,iSynCJ816.SGL_RS12400,45
1705,gene_1706,iSynCJ816.SGL_RS12820,541
1709,gene_1710,iSynCJ816.SGL_RS13180,90
1710,gene_1711,iSynCJ816.SGL_RS13330,351
1711,gene_1712,iSynCJ816.SGL_RS13365,47
1712,gene_1713,iSynCJ816.SGL_RS13380,296
1713,gene_1714,iSynCJ816.SGL_RS13460,330
1714,gene_1715,iSynCJ816.SGL_RS13580,387
1718,gene_1719,iSynCJ816.SGL_RS14865,238
1719,gene_1720,iSynCJ816.SGL_RS14930,204
1720,gene_1721,iSynCJ816.SGL_RS14955,154
1721,gene_1722,iSynCJ816.SGL_RS15085,244
1722,gene_1723,iSynCJ816.SGL_RS15225,139
1723,gene_1724,iSynCJ816.SGL_RS15455,305
1724,gene_1725,iSynCJ816.SGL_RS15555,236
1725,gene_1726,iSynCJ816.SGL_RS16015,201
1726,gene_1727,iSynCJ816.SGL_RS16080,53
1727,gene_1728,iSynCJ816.SGL_RS16100,581
1729,gene_1730,iSynCJ816.SGL_RS16540,52
1730,gene_1731,iSynCJ816.SGL_RS16580,148
1731,gene_1732,iSynCJ816.SGL_RS16700,201
1732,gene_1733,iSynCJ816.SGL_RS16850,66
1734,gene_1735,iSynCJ816.SGL_RS17200,198
1735,gene_1736,iSynCJ816.SGL_RS17305,199
1736,gene_1737,iSynCJ816.SGL_RS17635,339
1737,gene_1738,iSynCJ816.SGL_RS17655,43
1740,gene_1741,iYL1228.KPN_00030,330
1741,gene_1742,iYL1228.KPN_00038,121
1743,gene_1744,iYL1228.KPN_00090,240
1744,gene_1745,iYL1228.KPN_00187,209
1745,gene_1746,iYL1228.KPN_00213,114
1746,gene_1747,iYL1228.KPN_00329,167
1747,gene_1748,iYL1228.KPN_00408,53
1748,gene_1749,iYL1228.KPN_00478,134
1750,gene_1751,iYL1228.KPN_00516,176
1751,gene_1752,iYL1228.KPN_00606,145
1753,gene_1754,iYL1228.KPN_00699,87
1754,gene_1755,iYL1228.KPN_00701,587
1755,gene_1756,iYL1228.KPN_00771,119
1756,gene_1757,iYL1228.KPN_00864,241
1757,gene_1758,iYL1228.KPN_00941,305
1759,gene_1760,iYL1228.KPN_01042,344
1760,gene_1761,iYL1228.KPN_01197,466
1761,gene_1762,iYL1228.KPN_01210,403
1763,gene_1764,iYL1228.KPN_01310,82
1765,gene_1766,iYL1228.KPN_01527,281
1766,gene_1767,iYL1228.KPN_01583,44
1767,gene_1768,iYL1228.KPN_01927,226
1771,gene_1772,iYL1228.KPN_02193,330
1772,gene_1773,iYL1228.KPN_02194,314
1774,gene_1775,iYL1228.KPN_02365,193
1775,gene_1776,iYL1228.KPN_02373,85
1776,gene_1777,iYL1228.KPN_02490,380
1777,gene_1778,iYL1228.KPN_02492,313
1779,gene_1780,iYL1228.KPN_02496,362
1780,gene_1781,iYL1228.KPN_02497,371
1782,gene_1783,iYL1228.KPN_02587,320
1783,gene_1784,iYL1228.KPN_02641,46
1785,gene_1786,iYL1228.KPN_02758,478
1786,gene_1787,iYL1228.KPN_02799,48
1787,gene_1788,iYL1228.KPN_02805,65
1789,gene_1790,iYL1228.KPN_02824,335
1790,gene_1791,iYL1228.KPN_03029,432
1792,gene_1793,iYL1228.KPN_03106,149
1795,gene_1796,iYL1228.KPN_03197,230
1796,gene_1797,iYL1228.KPN_03357,49
1797,gene_1798,iYL1228.KPN_03375,425
1798,gene_1799,iYL1228.KPN_03388,141
1799,gene_1800,iYL1228.KPN_03453,67
1800,gene_1801,iYL1228.KPN_03520,488
1801,gene_1802,iYL1228.KPN_03599,310
1802,gene_1803,iYL1228.KPN_03625,41
1803,gene_1804,iYL1228.KPN_03690,186
1805,gene_1806,iYL1228.KPN_03779,52
1807,gene_1808,iYL1228.KPN_03798,545
1809,gene_1810,iYL1228.KPN_03810,317
1810,gene_1811,iYL1228.KPN_03816,229
1812,gene_1813,iYL1228.KPN_03818,174
1813,gene_1814,iYL1228.KPN_03819,219
1814,gene_1815,iYL1228.KPN_03845,74
1817,gene_1818,iYL1228.KPN_03931,305
1818,gene_1819,iYL1228.KPN_03932,45
1820,gene_1821,iYL1228.KPN_04011,647
1821,gene_1822,iYL1228.KPN_04012,71
1823,gene_1824,iYL1228.KPN_04137,526
1825,gene_1826,iYL1228.KPN_04154,283
1826,gene_1827,iYL1228.KPN_04157,138
1828,gene_1829,iYL1228.KPN_04212,444
1829,gene_1830,iYL1228.KPN_04282,56
1830,gene_1831,iYL1228.KPN_04289,367
1831,gene_1832,iYL1228.KPN_04424,199
1832,gene_1833,iYL1228.KPN_04480,68
1835,gene_1836,iYL1228.KPN_04624,43
1836,gene_1837,iYL1228.KPN_04625,41
1837,gene_1838,iYO844.BSU00180,121
1838,gene_1839,iYO844.BSU00460,140
1839,gene_1840,iYO844.BSU00510,234
1840,gene_1841,iYO844.BSU00680,184
1841,gene_1842,iYO844.BSU00730,77
1842,gene_1843,iYO844.BSU01370,201
1843,gene_1844,iYO844.BSU01530,87
1844,gene_1845,iYO844.BSU01770,396
1845,gene_1846,iYO844.BSU02360,200
1846,gene_1847,iYO844.BSU02750,134
1847,gene_1848,iYO844.BSU03220,52
1848,gene_1849,iYO844.BSU03590,244
1849,gene_1850,iYO844.BSU03860,39
1850,gene_1851,iYO844.BSU04570,259
1852,gene_1853,iYO844.BSU06160,161
1853,gene_1854,iYO844.BSU06170,145
1854,gene_1855,iYO844.BSU06360,563
1855,gene_1856,iYO844.BSU06490,152
1857,gene_1858,iYO844.BSU06530,362
1858,gene_1859,iYO844.BSU06660,349
1859,gene_1860,iYO844.BSU06980,111
1860,gene_1861,iYO844.BSU06990,103
1861,gene_1862,iYO844.BSU08830,208
1863,gene_1864,iYO844.BSU09290,629
1864,gene_1865,iYO844.BSU09310,503
1865,gene_1866,iYO844.BSU10270,114
1866,gene_1867,iYO844.BSU10520,48
1867,gene_1868,iYO844.BSU11250,99
1868,gene_1869,iYO844.BSU12300,518
1869,gene_1870,iYO844.BSU12330,166
1871,gene_1872,iYO844.BSU12940,154
1873,gene_1874,iYO844.BSU14520,412
1875,gene_1876,iYO844.BSU15020,140
1876,gene_1877,iYO844.BSU15180,387
1877,gene_1878,iYO844.BSU15190,65
1881,gene_1882,iYO844.BSU15720,131
1882,gene_1883,iYO844.BSU15730,234
1883,gene_1884,iYO844.BSU15790,222
1884,gene_1885,iYO844.BSU15860,247
1885,gene_1886,iYO844.BSU15910,148
1886,gene_1887,iYO844.BSU16100,58
1887,gene_1888,iYO844.BSU16530,206
1888,gene_1889,iYO844.BSU16540,84
1889,gene_1890,iYO844.BSU16550,292
1890,gene_1891,iYO844.BSU17000,299
1891,gene_1892,iYO844.BSU17460,553
1893,gene_1894,iYO844.BSU18410,355
1894,gene_1895,iYO844.BSU18470,78
1896,gene_1897,iYO844.BSU22070,153
1897,gene_1898,iYO844.BSU22370,226
1898,gene_1899,iYO844.BSU22440,139
1899,gene_1900,iYO844.BSU22890,166
1900,gene_1901,iYO844.BSU23380,362
1901,gene_1902,iYO844.BSU23500,380
1902,gene_1903,iYO844.BSU23580,268
1904,gene_1905,iYO844.BSU23960,285
1907,gene_1908,iYO844.BSU24120,52
1908,gene_1909,iYO844.BSU24160,260
1909,gene_1910,iYO844.BSU24850,167
1911,gene_1912,iYO844.BSU25300,122
1913,gene_1914,iYO844.BSU26600,90
1914,gene_1915,iYO844.BSU27430,236
1915,gene_1916,iYO844.BSU27600,609
1916,gene_1917,iYO844.BSU27610,182
1918,gene_1919,iYO844.BSU28560,306
1919,gene_1920,iYO844.BSU28730,110
1920,gene_1921,iYO844.BSU29060,125
1921,gene_1922,iYO844.BSU29190,310
1923,gene_1924,iYO844.BSU29600,209
1924,gene_1925,iYO844.BSU30280,91
1925,gene_1926,iYO844.BSU30290,118
1927,gene_1928,iYO844.BSU30450,136
1928,gene_1929,iYO844.BSU30550,455
1930,gene_1931,iYO844.BSU30830,99
1932,gene_1933,iYO844.BSU30950,437
1933,gene_1934,iYO844.BSU30960,210
1934,gene_1935,iYO844.BSU30970,427
1935,gene_1936,iYO844.BSU30980,501
1936,gene_1937,iYO844.BSU31180,467
1937,gene_1938,iYO844.BSU31322,52
1938,gene_1939,iYO844.BSU31400,392
1939,gene_1940,iYO844.BSU32000,108
1940,gene_1941,iYO844.BSU32260,197
1943,gene_1944,iYO844.BSU32510,75
1945,gene_1946,iYO844.BSU33160,179
1946,gene_1947,iYO844.BSU33170,209
1947,gene_1948,iYO844.BSU33180,144
1948,gene_1949,iYO844.BSU33290,152
1949,gene_1950,iYO844.BSU33490,588
1951,gene_1952,iYO844.BSU33910,557
1952,gene_1953,iYO844.BSU33930,465
1953,gene_1954,iYO844.BSU34550,156
1954,gene_1955,iYO844.BSU34560,444
1956,gene_1957,iYO844.BSU35010,191
1957,gene_1958,iYO844.BSU35020,209
1958,gene_1959,iYO844.BSU35620,79
1959,gene_1960,iYO844.BSU35690,95
1961,gene_1962,iYO844.BSU35920,193
1962,gene_1963,iYO844.BSU35940,322
1965,gene_1966,iYO844.BSU36830,493
1966,gene_1967,iYO844.BSU36890,283
1967,gene_1968,iYO844.BSU36920,146
1968,gene_1969,iYO844.BSU37100,422
1969,gene_1970,iYO844.BSU37150,671
1971,gene_1972,iYO844.BSU38860,416
1973,gene_1974,iYO844.BSU39370,370
1974,gene_1975,iYO844.BSU39400,419
1975,gene_1976,iYO844.BSU39420,224
1977,gene_1978,iYO844.BSU40420,336
1978,gene_1979,iYS854.USA300HOU_RS00045,243
1979,gene_1980,iYS854.USA300HOU_RS00085,336
1980,gene_1981,iYS854.USA300HOU_RS00150,54
1981,gene_1982,iYS854.USA300HOU_RS00160,166
1983,gene_1984,iYS854.USA300HOU_RS00720,234
1985,gene_1986,iYS854.USA300HOU_RS01050,77
1987,gene_1988,iYS854.USA300HOU_RS01090,361
1988,gene_1989,iYS854.USA300HOU_RS01305,155
1990,gene_1991,iYS854.USA300HOU_RS01340,45
1991,gene_1992,iYS854.USA300HOU_RS01690,148
1992,gene_1993,iYS854.USA300HOU_RS01735,166
1993,gene_1994,iYS854.USA300HOU_RS02055,155
1994,gene_1995,iYS854.USA300HOU_RS02070,352
1997,gene_1998,iYS854.USA300HOU_RS02615,175
1998,gene_1999,iYS854.USA300HOU_RS02790,491
1999,gene_2000,iYS854.USA300HOU_RS02890,270
2000,gene_2001,iYS854.USA300HOU_RS03500,140
2001,gene_2002,iYS854.USA300HOU_RS03790,205
2002,gene_2003,iYS854.USA300HOU_RS03835,50
2003,gene_2004,iYS854.USA300HOU_RS04050,102
2004,gene_2005,iYS854.USA300HOU_RS04375,130
2005,gene_2006,iYS854.USA300HOU_RS04890,164
2006,gene_2007,iYS854.USA300HOU_RS04900,357
2008,gene_2009,iYS854.USA300HOU_RS04930,161
2009,gene_2010,iYS854.USA300HOU_RS05000,226
2010,gene_2011,iYS854.USA300HOU_RS05255,91
2011,gene_2012,iYS854.USA300HOU_RS05420,140
2013,gene_2014,iYS854.USA300HOU_RS05485,405
2015,gene_2016,iYS854.USA300HOU_RS05560,55
2016,gene_2017,iYS854.USA300HOU_RS05615,143
2017,gene_2018,iYS854.USA300HOU_RS05725,113
2019,gene_2020,iYS854.USA300HOU_RS06015,266
2020,gene_2021,iYS854.USA300HOU_RS06125,141
2021,gene_2022,iYS854.USA300HOU_RS06130,200
2022,gene_2023,iYS854.USA300HOU_RS06135,166
2023,gene_2024,iYS854.USA300HOU_RS06140,216
2024,gene_2025,iYS854.USA300HOU_RS06160,365
2025,gene_2026,iYS854.USA300HOU_RS06175,275
2026,gene_2027,iYS854.USA300HOU_RS06185,172
2027,gene_2028,iYS854.USA300HOU_RS06195,75
2028,gene_2029,iYS854.USA300HOU_RS06270,53
2030,gene_2031,iYS854.USA300HOU_RS06350,202
2032,gene_2033,iYS854.USA300HOU_RS06405,165
2033,gene_2034,iYS854.USA300HOU_RS06465,134
2034,gene_2035,iYS854.USA300HOU_RS06545,621
2035,gene_2036,iYS854.USA300HOU_RS06570,152
2036,gene_2037,iYS854.USA300HOU_RS06590,544
2037,gene_2038,iYS854.USA300HOU_RS06690,320
2038,gene_2039,iYS854.USA300HOU_RS06885,80
2039,gene_2040,iYS854.USA300HOU_RS07015,83
2040,gene_2041,iYS854.USA300HOU_RS07240,48
2041,gene_2042,iYS854.USA300HOU_RS07285,99
2043,gene_2044,iYS854.USA300HOU_RS07985,197
2044,gene_2045,iYS854.USA300HOU_RS08170,289
2045,gene_2046,iYS854.USA300HOU_RS08305,142
2046,gene_2047,iYS854.USA300HOU_RS08350,649
2047,gene_2048,iYS854.USA300HOU_RS08675,676
2048,gene_2049,iYS854.USA300HOU_RS08680,374
2049,gene_2050,iYS854.USA300HOU_RS08685,79
2051,gene_2052,iYS854.USA300HOU_RS08720,454
2052,gene_2053,iYS854.USA300HOU_RS08725,361
2055,gene_2056,iYS854.USA300HOU_RS09315,92
2056,gene_2057,iYS854.USA300HOU_RS09335,823
2057,gene_2058,iYS854.USA300HOU_RS09495,410
2058,gene_2059,iYS854.USA300HOU_RS09890,57
2059,gene_2060,iYS854.USA300HOU_RS09925,295
2060,gene_2061,iYS854.USA300HOU_RS09930,186
2061,gene_2062,iYS854.USA300HOU_RS10305,140
2062,gene_2063,iYS854.USA300HOU_RS10330,342
2063,gene_2064,iYS854.USA300HOU_RS10880,77
2064,gene_2065,iYS854.USA300HOU_RS10985,181
2065,gene_2066,iYS854.USA300HOU_RS11240,228
2066,gene_2067,iYS854.USA300HOU_RS11340,313
2069,gene_2070,iYS854.USA300HOU_RS11405,265
2070,gene_2071,iYS854.USA300HOU_RS11480,600
2071,gene_2072,iYS854.USA300HOU_RS11530,410
2072,gene_2073,iYS854.USA300HOU_RS11545,251
2074,gene_2075,iYS854.USA300HOU_RS12505,68
2075,gene_2076,iYS854.USA300HOU_RS13040,213
2076,gene_2077,iYS854.USA300HOU_RS13590,197
2077,gene_2078,iYS854.USA300HOU_RS13725,217
2078,gene_2079,iYS854.USA300HOU_RS13880,58
2079,gene_2080,iYS854.USA300HOU_RS13930,44
2081,gene_2082,iYS854.USA300HOU_RS14570,545
