,query_gene,BiGG_gene,score
0,gene_0,STM_v1_0.STM0047,61
1,gene_1,STM_v1_0.STM0054,373
2,gene_2,STM_v1_0.STM0055,476
4,gene_4,STM_v1_0.STM0066,320
5,gene_5,STM_v1_0.STM0101,281
6,gene_6,STM_v1_0.STM0102,498
7,gene_7,STM_v1_0.STM0106,104
9,gene_9,STM_v1_0.STM0124,236
10,gene_10,STM_v1_0.STM0247,278
11,gene_11,STM_v1_0.STM0322,367
12,gene_12,STM_v1_0.STM0380,249
13,gene_13,STM_v1_0.STM0386,174
14,gene_14,STM_v1_0.STM0488,201
15,gene_15,STM_v1_0.STM0643,65
16,gene_16,STM_v1_0.STM0644,243
17,gene_17,STM_v1_0.STM0659,273
18,gene_18,STM_v1_0.STM0686,570
19,gene_19,STM_v1_0.STM0774,130
21,gene_21,STM_v1_0.STM0863,85
22,gene_22,STM_v1_0.STM0878,106
23,gene_23,STM_v1_0.STM0887,105
24,gene_24,STM_v1_0.STM0890,106
25,gene_25,STM_v1_0.STM0963,256
26,gene_26,STM_v1_0.STM0973,887
27,gene_27,STM_v1_0.STM0984,296
28,gene_28,STM_v1_0.STM1195,88
29,gene_29,STM_v1_0.STM1209,98
30,gene_30,STM_v1_0.STM1221,97
31,gene_31,STM_v1_0.STM1226,102
32,gene_32,STM_v1_0.STM1340,190
33,gene_33,STM_v1_0.STM1358,114
35,gene_35,STM_v1_0.STM1569,40
36,gene_36,STM_v1_0.STM1620,106
37,gene_37,STM_v1_0.STM1647,283
38,gene_38,STM_v1_0.STM1743,330
39,gene_39,STM_v1_0.STM1745,150
40,gene_40,STM_v1_0.STM1750,139
41,gene_41,STM_v1_0.STM1884,149
42,gene_42,STM_v1_0.STM1933,207
44,gene_44,STM_v1_0.STM2019,461
45,gene_45,STM_v1_0.STM2026,96
46,gene_46,STM_v1_0.STM2027,225
48,gene_48,STM_v1_0.STM2032,198
49,gene_49,STM_v1_0.STM2035,251
50,gene_50,STM_v1_0.STM2082,168
51,gene_51,STM_v1_0.STM2086,72
52,gene_52,STM_v1_0.STM2095,402
53,gene_53,STM_v1_0.STM2163,103
54,gene_54,STM_v1_0.STM2168,90
55,gene_55,STM_v1_0.STM2188,253
56,gene_56,STM_v1_0.STM2189,511
57,gene_57,STM_v1_0.STM2190,202
58,gene_58,STM_v1_0.STM2297,135
59,gene_59,STM_v1_0.STM2332,135
60,gene_60,STM_v1_0.STM2354,80
61,gene_61,STM_v1_0.STM2355,71
62,gene_62,STM_v1_0.STM2427,490
63,gene_63,STM_v1_0.STM2431,67
64,gene_64,STM_v1_0.STM2543,214
65,gene_65,STM_v1_0.STM2555,463
67,gene_67,STM_v1_0.STM2649,86
68,gene_68,STM_v1_0.STM2820,84
69,gene_69,STM_v1_0.STM2929,194
70,gene_70,STM_v1_0.STM2954,152
71,gene_71,STM_v1_0.STM2973,401
72,gene_72,STM_v1_0.STM3103,141
73,gene_73,STM_v1_0.STM3137,469
74,gene_74,STM_v1_0.STM3190,111
75,gene_75,STM_v1_0.STM3225,394
76,gene_76,STM_v1_0.STM3307,241
77,gene_77,STM_v1_0.STM3351,374
78,gene_78,STM_v1_0.STM3352,470
81,gene_81,STM_v1_0.STM3407,256
82,gene_82,STM_v1_0.STM3409,213
83,gene_83,STM_v1_0.STM3481,360
84,gene_84,STM_v1_0.STM3483,177
86,gene_86,STM_v1_0.STM3500,726
87,gene_87,STM_v1_0.STM3506,52
88,gene_88,STM_v1_0.STM3514,627
89,gene_89,STM_v1_0.STM3534,616
90,gene_90,STM_v1_0.STM3538,625
91,gene_91,STM_v1_0.STM3556,118
92,gene_92,STM_v1_0.STM3557,49
93,gene_93,STM_v1_0.STM3560,103
94,gene_94,STM_v1_0.STM3561,60
95,gene_95,STM_v1_0.STM3562,139
96,gene_96,STM_v1_0.STM3576,43
97,gene_97,STM_v1_0.STM3629,161
98,gene_98,STM_v1_0.STM3668,303
99,gene_99,STM_v1_0.STM3677,295
100,gene_100,STM_v1_0.STM3704,529
101,gene_101,STM_v1_0.STM3714,96
102,gene_102,STM_v1_0.STM3719,41
103,gene_103,STM_v1_0.STM3725,165
104,gene_104,STM_v1_0.STM3731,132
105,gene_105,STM_v1_0.STM3740,133
106,gene_106,STM_v1_0.STM3793,70
107,gene_107,STM_v1_0.STM3882,298
108,gene_108,STM_v1_0.STM3883,44
109,gene_109,STM_v1_0.STM3884,58
110,gene_110,STM_v1_0.STM3915,94
112,gene_112,STM_v1_0.STM4045,278
113,gene_113,STM_v1_0.STM4047,345
114,gene_114,STM_v1_0.STM4086,637
115,gene_115,STM_v1_0.STM4230,221
117,gene_117,STM_v1_0.STM4366,307
118,gene_118,STM_v1_0.STM4388,303
119,gene_119,STM_v1_0.STM4425,106
120,gene_120,STM_v1_0.STM4433,61
121,gene_121,STM_v1_0.STM4451,126
122,gene_122,STM_v1_0.STM4452,409
123,gene_123,STM_v1_0.STM4465,402
124,gene_124,STM_v1_0.STM4469,378
125,gene_125,STM_v1_0.STM4483,220
126,gene_126,STM_v1_0.STM4570,183
128,gene_129,iAF692.Mbar_A0021,138
129,gene_130,iAF692.Mbar_A0034,434
131,gene_132,iAF692.Mbar_A0052,174
132,gene_133,iAF692.Mbar_A0086,213
133,gene_134,iAF692.Mbar_A0171,43
134,gene_135,iAF692.Mbar_A0218,515
135,gene_136,iAF692.Mbar_A0219,125
136,gene_137,iAF692.Mbar_A0220,378
137,gene_138,iAF692.Mbar_A0227,240
139,gene_140,iAF692.Mbar_A0232,83
140,gene_141,iAF692.Mbar_A0309,59
141,gene_142,iAF692.Mbar_A0378,39
142,gene_143,iAF692.Mbar_A0384,84
143,gene_144,iAF692.Mbar_A0385,480
144,gene_145,iAF692.Mbar_A0386,600
145,gene_146,iAF692.Mbar_A0390,39
146,gene_147,iAF692.Mbar_A0391,114
147,gene_148,iAF692.Mbar_A0408,41
148,gene_149,iAF692.Mbar_A0541,253
150,gene_151,iAF692.Mbar_A0666,354
151,gene_152,iAF692.Mbar_A0760,276
152,gene_153,iAF692.Mbar_A1138,90
153,gene_154,iAF692.Mbar_A1144,136
154,gene_155,iAF692.Mbar_A1172,142
155,gene_156,iAF692.Mbar_A1195,392
157,gene_158,iAF692.Mbar_A1223,524
158,gene_159,iAF692.Mbar_A1305,108
160,gene_161,iAF692.Mbar_A1452,47
161,gene_162,iAF692.Mbar_A1562,42
162,gene_163,iAF692.Mbar_A1586,499
163,gene_164,iAF692.Mbar_A1641,491
164,gene_165,iAF692.Mbar_A1731,80
165,gene_166,iAF692.Mbar_A1776,43
166,gene_167,iAF692.Mbar_A1781,337
167,gene_168,iAF692.Mbar_A1820,420
168,gene_169,iAF692.Mbar_A1823,98
170,gene_171,iAF692.Mbar_A1869,72
171,gene_172,iAF692.Mbar_A1870,72
172,gene_173,iAF692.Mbar_A2092,92
174,gene_175,iAF692.Mbar_A2167,333
175,gene_176,iAF692.Mbar_A2179,162
176,gene_177,iAF692.Mbar_A2221,90
177,gene_178,iAF692.Mbar_A2261,174
179,gene_180,iAF692.Mbar_A2263,66
181,gene_182,iAF692.Mbar_A2375,318
182,gene_183,iAF692.Mbar_A2394,150
183,gene_184,iAF692.Mbar_A2422,366
184,gene_185,iAF692.Mbar_A2616,48
186,gene_187,iAF692.Mbar_A2898,150
187,gene_188,iAF692.Mbar_A3045,431
188,gene_189,iAF692.Mbar_A3319,155
189,gene_190,iAF692.Mbar_A3353,152
190,gene_191,iAF692.Mbar_A3423,343
191,gene_192,iAF692.Mbar_A3429,324
192,gene_193,iAF692.Mbar_A3463,376
193,gene_194,iAF692.Mbar_A3498,405
194,gene_195,iAF692.Mbar_A3512,257
196,gene_197,iAF987.Gmet_0008,273
197,gene_198,iAF987.Gmet_0018,149
198,gene_199,iAF987.Gmet_0043,87
200,gene_201,iAF987.Gmet_0058,581
201,gene_202,iAF987.Gmet_0059,210
202,gene_203,iAF987.Gmet_0067,177
203,gene_204,iAF987.Gmet_0069,82
204,gene_205,iAF987.Gmet_0078,106
206,gene_207,iAF987.Gmet_0119,44
207,gene_208,iAF987.Gmet_0120,199
208,gene_209,iAF987.Gmet_0204,318
209,gene_210,iAF987.Gmet_0205,275
210,gene_211,iAF987.Gmet_0209,469
211,gene_212,iAF987.Gmet_0213,400
212,gene_213,iAF987.Gmet_0351,858
213,gene_214,iAF987.Gmet_0382,223
214,gene_215,iAF987.Gmet_0383,178
215,gene_216,iAF987.Gmet_0384,418
216,gene_217,iAF987.Gmet_0386,227
217,gene_218,iAF987.Gmet_0387,171
218,gene_219,iAF987.Gmet_0389,219
219,gene_220,iAF987.Gmet_0406,289
220,gene_221,iAF987.Gmet_0407,264
221,gene_222,iAF987.Gmet_0408,236
222,gene_223,iAF987.Gmet_0467,214
223,gene_224,iAF987.Gmet_0470,249
224,gene_225,iAF987.Gmet_0477,163
225,gene_226,iAF987.Gmet_0481,154
226,gene_227,iAF987.Gmet_0483,246
227,gene_228,iAF987.Gmet_0484,157
228,gene_229,iAF987.Gmet_0485,233
229,gene_230,iAF987.Gmet_0486,271
230,gene_231,iAF987.Gmet_0520,68
231,gene_232,iAF987.Gmet_0521,60
232,gene_233,iAF987.Gmet_0547,232
233,gene_234,iAF987.Gmet_0552,312
234,gene_235,iAF987.Gmet_0647,197
235,gene_236,iAF987.Gmet_0662,42
237,gene_238,iAF987.Gmet_0684,317
238,gene_239,iAF987.Gmet_0816,53
239,gene_240,iAF987.Gmet_0849,136
240,gene_241,iAF987.Gmet_0865,169
241,gene_242,iAF987.Gmet_0872,200
242,gene_243,iAF987.Gmet_0885,148
243,gene_244,iAF987.Gmet_0886,142
244,gene_245,iAF987.Gmet_0902,441
245,gene_246,iAF987.Gmet_0928,178
246,gene_247,iAF987.Gmet_0940,664
247,gene_248,iAF987.Gmet_0978,196
248,gene_249,iAF987.Gmet_0988,42
249,gene_250,iAF987.Gmet_0992,209
250,gene_251,iAF987.Gmet_1033,40
251,gene_252,iAF987.Gmet_1043,76
252,gene_253,iAF987.Gmet_1092,254
253,gene_254,iAF987.Gmet_1159,44
254,gene_255,iAF987.Gmet_1162,300
255,gene_256,iAF987.Gmet_1168,152
256,gene_257,iAF987.Gmet_1179,62
257,gene_258,iAF987.Gmet_1186,552
258,gene_259,iAF987.Gmet_1188,55
259,gene_260,iAF987.Gmet_1252,225
260,gene_261,iAF987.Gmet_1255,122
261,gene_262,iAF987.Gmet_1260,503
262,gene_263,iAF987.Gmet_1261,129
263,gene_264,iAF987.Gmet_1262,402
265,gene_266,iAF987.Gmet_1282,94
266,gene_267,iAF987.Gmet_1290,330
268,gene_269,iAF987.Gmet_1350,84
269,gene_270,iAF987.Gmet_1353,337
270,gene_271,iAF987.Gmet_1357,605
271,gene_272,iAF987.Gmet_1377,75
272,gene_273,iAF987.Gmet_1415,340
273,gene_274,iAF987.Gmet_1416,460
275,gene_276,iAF987.Gmet_1504,190
276,gene_277,iAF987.Gmet_1558,403
278,gene_279,iAF987.Gmet_1593,122
279,gene_280,iAF987.Gmet_1598,240
282,gene_283,iAF987.Gmet_1604,143
283,gene_284,iAF987.Gmet_1605,472
284,gene_285,iAF987.Gmet_1629,236
285,gene_286,iAF987.Gmet_1640,256
286,gene_287,iAF987.Gmet_1676,585
287,gene_288,iAF987.Gmet_1706,82
288,gene_289,iAF987.Gmet_1716,216
289,gene_290,iAF987.Gmet_1736,171
290,gene_291,iAF987.Gmet_1762,228
291,gene_292,iAF987.Gmet_1770,256
292,gene_293,iAF987.Gmet_1771,311
293,gene_294,iAF987.Gmet_1815,66
294,gene_295,iAF987.Gmet_1819,276
295,gene_296,iAF987.Gmet_1844,337
296,gene_297,iAF987.Gmet_1875,151
297,gene_298,iAF987.Gmet_1880,365
299,gene_300,iAF987.Gmet_1888,145
300,gene_301,iAF987.Gmet_1903,116
301,gene_302,iAF987.Gmet_1914,78
302,gene_303,iAF987.Gmet_1919,149
303,gene_304,iAF987.Gmet_1934,424
304,gene_305,iAF987.Gmet_1935,189
305,gene_306,iAF987.Gmet_1939,440
306,gene_307,iAF987.Gmet_1986,137
307,gene_308,iAF987.Gmet_1987,152
308,gene_309,iAF987.Gmet_2066,303
309,gene_310,iAF987.Gmet_2071,215
310,gene_311,iAF987.Gmet_2257,315
312,gene_313,iAF987.Gmet_2349,304
314,gene_315,iAF987.Gmet_2372,491
315,gene_316,iAF987.Gmet_2390,457
316,gene_317,iAF987.Gmet_2391,435
317,gene_318,iAF987.Gmet_2440,155
318,gene_319,iAF987.Gmet_2444,47
319,gene_320,iAF987.Gmet_2465,64
320,gene_321,iAF987.Gmet_2559,143
321,gene_322,iAF987.Gmet_2634,248
322,gene_323,iAF987.Gmet_2673,324
323,gene_324,iAF987.Gmet_2822,446
324,gene_325,iAF987.Gmet_2849,160
325,gene_326,iAF987.Gmet_2853,390
326,gene_327,iAF987.Gmet_2903,134
327,gene_328,iAF987.Gmet_2904,370
328,gene_329,iAF987.Gmet_2908,263
329,gene_330,iAF987.Gmet_2909,140
331,gene_332,iAF987.Gmet_2988,165
333,gene_334,iAF987.Gmet_2999,199
334,gene_335,iAF987.Gmet_3012,106
335,gene_336,iAF987.Gmet_3026,110
336,gene_337,iAF987.Gmet_3156,70
338,gene_339,iAF987.Gmet_3200,92
339,gene_340,iAF987.Gmet_3203,559
340,gene_341,iAF987.Gmet_3260,310
341,gene_342,iAF987.Gmet_3339,246
342,gene_343,iAF987.Gmet_3408,622
343,gene_344,iAF987.Gmet_3430,37
344,gene_345,iAF987.Gmet_3509,202
345,gene_346,iAF987.Gmet_3528,253
346,gene_347,iAF987.Gmet_3529,66
347,gene_348,iAF987.Gmet_3535,204
348,gene_349,iAM_Pb448.PBANKA_071570,42
349,gene_350,iAM_Pb448.PBANKA_083310,156
350,gene_351,iAM_Pb448.PBANKA_100380,463
351,gene_352,iAM_Pb448.PBANKA_112620,75
352,gene_353,iAM_Pb448.PBANKA_131810,172
353,gene_354,iAM_Pb448.PBANKA_136190,51
354,gene_355,iAM_Pb448.PBANKA_146280,93
355,gene_356,iAM_Pc455.PCYB_031390,468
356,gene_357,iAM_Pc455.PCYB_052680,40
357,gene_358,iAM_Pc455.PCYB_073980,143
359,gene_360,iAM_Pc455.PCYB_126090,184
360,gene_361,iAM_Pc455.PCYB_133630,49
361,gene_362,iAM_Pc455.PCYB_147430,87
362,gene_363,iAM_Pf480.PF3D7_0406100,467
363,gene_364,iAM_Pf480.PF3D7_0413700,41
365,gene_366,iAM_Pf480.PF3D7_0922900,85
366,gene_367,iAM_Pf480.PF3D7_0932300,140
367,gene_368,iAM_Pf480.PF3D7_1249900,89
368,gene_369,iAM_Pf480.PF3D7_1454400,173
369,gene_370,iAM_Pv461.PVX_000935,467
370,gene_371,iAM_Pv461.PVX_087090,142
371,gene_372,iAM_Pv461.PVX_089645,40
372,gene_373,iAM_Pv461.PVX_099555,77
373,gene_374,iAM_Pv461.PVX_101390,93
374,gene_375,iAM_Pv461.PVX_114480,72
375,gene_376,iAM_Pv461.PVX_117760,180
376,gene_377,iAT_PLT_636.4905,142
377,gene_378,iAT_PLT_636.5834,662
378,gene_379,iAT_PLT_636.5836,614
379,gene_380,iAT_PLT_636.6532,122
380,gene_381,iAT_PLT_636.6535,129
381,gene_382,iAT_PLT_636.6539,124
382,gene_383,iCHOv1.100682535,268
383,gene_384,iCHOv1.100689446,364
384,gene_385,iCHOv1.100689450,103
385,gene_386,iCHOv1.100751291,78
386,gene_387,iCHOv1.100751791,212
388,gene_389,iCHOv1.100752445,120
389,gene_390,iCHOv1.100753186,262
390,gene_391,iCHOv1.100753544,87
392,gene_393,iCHOv1.100754706,122
393,gene_394,iCHOv1.100754792,374
396,gene_397,iCHOv1.100756094,452
397,gene_398,iCHOv1.100756130,170
398,gene_399,iCHOv1.100757328,48
399,gene_400,iCHOv1.100757350,666
400,gene_401,iCHOv1.100758089,322
401,gene_402,iCHOv1.100760370,126
402,gene_403,iCHOv1.100760751,321
403,gene_404,iCHOv1.100761226,132
404,gene_405,iCHOv1.100761450,112
405,gene_406,iCHOv1.100762480,201
406,gene_407,iCHOv1.100765478,119
407,gene_408,iCHOv1.100766856,289
408,gene_409,iCHOv1.100767455,41
409,gene_410,iCHOv1.100767837,190
410,gene_411,iCHOv1.100769186,652
411,gene_412,iCHOv1.100769399,42
412,gene_413,iCHOv1.100771827,103
415,gene_416,iCHOv1.100773003,117
416,gene_417,iCHOv1.100774665,460
417,gene_418,iCN718.ABAYE_RS00870,94
419,gene_420,iCN718.ABAYE_RS02030,222
420,gene_421,iCN718.ABAYE_RS04335,268
421,gene_422,iCN718.ABAYE_RS04535,302
422,gene_423,iCN718.ABAYE_RS04960,334
423,gene_424,iCN718.ABAYE_RS05140,88
424,gene_425,iCN718.ABAYE_RS06300,466
425,gene_426,iCN718.ABAYE_RS06340,79
426,gene_427,iCN718.ABAYE_RS06435,135
427,gene_428,iCN718.ABAYE_RS07235,157
428,gene_429,iCN718.ABAYE_RS07660,541
429,gene_430,iCN718.ABAYE_RS09965,109
431,gene_432,iCN718.ABAYE_RS13010,356
433,gene_434,iCN718.ABAYE_RS13825,207
434,gene_435,iCN718.ABAYE_RS13845,67
435,gene_436,iCN718.ABAYE_RS13985,390
437,gene_438,iCN718.ABAYE_RS14110,231
438,gene_439,iCN718.ABAYE_RS14580,119
439,gene_440,iCN718.ABAYE_RS14785,157
440,gene_441,iCN718.ABAYE_RS14895,164
441,gene_442,iCN718.ABAYE_RS14915,70
442,gene_443,iCN718.ABAYE_RS15590,267
443,gene_444,iCN718.ABAYE_RS15600,176
444,gene_445,iCN718.ABAYE_RS16285,103
445,gene_446,iCN718.ABAYE_RS16380,473
446,gene_447,iCN718.ABAYE_RS16685,362
448,gene_449,iCN718.ABAYE_RS17405,85
449,gene_450,iCN718.ABAYE_RS17470,447
450,gene_451,iCN718.ABAYE_RS18875,335
451,gene_452,iCN718.ABAYE_RS19265,188
452,gene_453,iCN900.CD630_00140,243
453,gene_454,iCN900.CD630_00340,207
454,gene_455,iCN900.CD630_00480,203
455,gene_456,iCN900.CD630_00500,580
456,gene_457,iCN900.CD630_00510,166
457,gene_458,iCN900.CD630_00520,486
458,gene_459,iCN900.CD630_00540,271
459,gene_460,iCN900.CD630_00910,207
460,gene_461,iCN900.CD630_01000,307
461,gene_462,iCN900.CD630_01010,291
462,gene_463,iCN900.CD630_01020,248
463,gene_464,iCN900.CD630_01030,162
464,gene_465,iCN900.CD630_01120,273
465,gene_466,iCN900.CD630_01130,445
466,gene_467,iCN900.CD630_01190,366
467,gene_468,iCN900.CD630_01200,634
468,gene_469,iCN900.CD630_01230,417
469,gene_470,iCN900.CD630_01300,541
470,gene_471,iCN900.CD630_01840,340
471,gene_472,iCN900.CD630_01860,331
472,gene_473,iCN900.CD630_01870,214
473,gene_474,iCN900.CD630_01880,138
474,gene_475,iCN900.CD630_01980,616
475,gene_476,iCN900.CD630_02190,250
476,gene_477,iCN900.CD630_02200,404
477,gene_478,iCN900.CD630_02210,325
478,gene_479,iCN900.CD630_02220,168
479,gene_480,iCN900.CD630_02240,399
480,gene_481,iCN900.CD630_02250,1300
482,gene_483,iCN900.CD630_03130,594
483,gene_484,iCN900.CD630_03960,134
484,gene_485,iCN900.CD630_04050,160
485,gene_486,iCN900.CD630_04690,110
486,gene_487,iCN900.CD630_05910,730
487,gene_488,iCN900.CD630_06960,300
488,gene_489,iCN900.CD630_06990,374
489,gene_490,iCN900.CD630_07170,42
490,gene_491,iCN900.CD630_07180,686
491,gene_492,iCN900.CD630_07370,48
492,gene_493,iCN900.CD630_07420,187
493,gene_494,iCN900.CD630_07510,152
494,gene_495,iCN900.CD630_07520,314
495,gene_496,iCN900.CD630_07530,214
496,gene_497,iCN900.CD630_07540,300
497,gene_498,iCN900.CD630_07590,984
498,gene_499,iCN900.CD630_07600,155
499,gene_500,iCN900.CD630_08000,226
500,gene_501,iCN900.CD630_08330,196
501,gene_502,iCN900.CD630_08340,337
502,gene_503,iCN900.CD630_08410,544
503,gene_504,iCN900.CD630_08680,36
504,gene_505,iCN900.CD630_08820,409
505,gene_506,iCN900.CD630_08840,427
506,gene_507,iCN900.CD630_08850,654
507,gene_508,iCN900.CD630_08880,391
509,gene_510,iCN900.CD630_08930,280
510,gene_511,iCN900.CD630_08940,283
511,gene_512,iCN900.CD630_09000,130
512,gene_513,iCN900.CD630_09270,273
513,gene_514,iCN900.CD630_09890,515
514,gene_515,iCN900.CD630_09900,554
515,gene_516,iCN900.CD630_09910,216
516,gene_517,iCN900.CD630_09920,379
517,gene_518,iCN900.CD630_10000,107
518,gene_519,iCN900.CD630_10030,298
519,gene_520,iCN900.CD630_10040,206
520,gene_521,iCN900.CD630_10100,222
521,gene_522,iCN900.CD630_10110,259
522,gene_523,iCN900.CD630_10240,446
523,gene_524,iCN900.CD630_10250,262
524,gene_525,iCN900.CD630_10260,222
525,gene_526,iCN900.CD630_10270,306
526,gene_527,iCN900.CD630_10330,459
527,gene_528,iCN900.CD630_10540,468
528,gene_529,iCN900.CD630_10550,235
529,gene_530,iCN900.CD630_10570,215
530,gene_531,iCN900.CD630_10580,256
531,gene_532,iCN900.CD630_10590,433
532,gene_533,iCN900.CD630_10600,148
533,gene_534,iCN900.CD630_10620,71
535,gene_536,iCN900.CD630_11530,130
537,gene_538,iCN900.CD630_11780,250
538,gene_539,iCN900.CD630_11820,160
539,gene_540,iCN900.CD630_11910,616
540,gene_541,iCN900.CD630_12050,189
541,gene_542,iCN900.CD630_12070,424
542,gene_543,iCN900.CD630_12230,369
543,gene_544,iCN900.CD630_12240,264
544,gene_545,iCN900.CD630_12250,420
545,gene_546,iCN900.CD630_12260,103
546,gene_547,iCN900.CD630_12790,332
547,gene_548,iCN900.CD630_12820,864
548,gene_549,iCN900.CD630_13270,129
549,gene_550,iCN900.CD630_13320,259
550,gene_551,iCN900.CD630_13530,97
551,gene_552,iCN900.CD630_13820,654
552,gene_553,iCN900.CD630_14770,73
553,gene_554,iCN900.CD630_14780,102
554,gene_555,iCN900.CD630_14790,792
555,gene_556,iCN900.CD630_14900,155
557,gene_558,iCN900.CD630_14950,166
558,gene_559,iCN900.CD630_15020,252
559,gene_560,iCN900.CD630_15170,50
560,gene_561,iCN900.CD630_15360,256
561,gene_562,iCN900.CD630_15370,378
562,gene_563,iCN900.CD630_15480,192
563,gene_564,iCN900.CD630_15510,201
564,gene_565,iCN900.CD630_15520,194
565,gene_566,iCN900.CD630_15530,269
566,gene_567,iCN900.CD630_15540,213
567,gene_568,iCN900.CD630_15660,481
568,gene_569,iCN900.CD630_15770,416
569,gene_570,iCN900.CD630_15870,304
570,gene_571,iCN900.CD630_15990,231
571,gene_572,iCN900.CD630_16000,152
572,gene_573,iCN900.CD630_16010,168
573,gene_574,iCN900.CD630_16140,133
574,gene_575,iCN900.CD630_16150,55
575,gene_576,iCN900.CD630_16550,227
576,gene_577,iCN900.CD630_16590,490
577,gene_578,iCN900.CD630_16630,347
578,gene_579,iCN900.CD630_16740,170
580,gene_581,iCN900.CD630_17290,350
582,gene_583,iCN900.CD630_17850,444
583,gene_584,iCN900.CD630_18060,274
585,gene_586,iCN900.CD630_18140,59
586,gene_587,iCN900.CD630_18170,94
587,gene_588,iCN900.CD630_18320,386
588,gene_589,iCN900.CD630_18330,198
589,gene_590,iCN900.CD630_18340,280
590,gene_591,iCN900.CD630_18350,334
591,gene_592,iCN900.CD630_18370,140
592,gene_593,iCN900.CD630_18390,204
593,gene_594,iCN900.CD630_19470,226
594,gene_595,iCN900.CD630_20140,635
595,gene_596,iCN900.CD630_20200,902
596,gene_597,iCN900.CD630_20300,394
597,gene_598,iCN900.CD630_20310,322
598,gene_599,iCN900.CD630_20320,298
599,gene_600,iCN900.CD630_20330,343
600,gene_601,iCN900.CD630_20500,163
602,gene_603,iCN900.CD630_20590,586
603,gene_604,iCN900.CD630_20740,161
604,gene_605,iCN900.CD630_20800,161
605,gene_606,iCN900.CD630_20810,168
606,gene_607,iCN900.CD630_20990,788
607,gene_608,iCN900.CD630_21000,159
608,gene_609,iCN900.CD630_21010,173
609,gene_610,iCN900.CD630_21150,602
610,gene_611,iCN900.CD630_21170,218
611,gene_612,iCN900.CD630_21180,364
612,gene_613,iCN900.CD630_21190,218
613,gene_614,iCN900.CD630_21220,251
614,gene_615,iCN900.CD630_21280,363
615,gene_616,iCN900.CD630_21300,336
616,gene_617,iCN900.CD630_21350,131
617,gene_618,iCN900.CD630_21360,183
618,gene_619,iCN900.CD630_21380,226
619,gene_620,iCN900.CD630_21720,267
620,gene_621,iCN900.CD630_21880,245
621,gene_622,iCN900.CD630_21890,152
622,gene_623,iCN900.CD630_21940,59
623,gene_624,iCN900.CD630_22450,580
624,gene_625,iCN900.CD630_22560,314
625,gene_626,iCN900.CD630_22690,605
626,gene_627,iCN900.CD630_22700,313
627,gene_628,iCN900.CD630_22760,333
628,gene_629,iCN900.CD630_22770,110
629,gene_630,iCN900.CD630_22780,298
630,gene_631,iCN900.CD630_23200,149
631,gene_632,iCN900.CD630_23210,344
632,gene_633,iCN900.CD630_23220,293
633,gene_634,iCN900.CD630_23290,263
634,gene_635,iCN900.CD630_23300,199
635,gene_636,iCN900.CD630_23350,756
637,gene_638,iCN900.CD630_24100,1050
638,gene_639,iCN900.CD630_24250,192
640,gene_641,iCN900.CD630_24930,81
641,gene_642,iCN900.CD630_25000,423
642,gene_643,iCN900.CD630_25140,356
643,gene_644,iCN900.CD630_25370,59
644,gene_645,iCN900.CD630_25490,179
645,gene_646,iCN900.CD630_25740,84
646,gene_647,iCN900.CD630_25770,207
647,gene_648,iCN900.CD630_25840,238
648,gene_649,iCN900.CD630_25870,358
649,gene_650,iCN900.CD630_25880,138
650,gene_651,iCN900.CD630_25940,317
651,gene_652,iCN900.CD630_25960,304
652,gene_653,iCN900.CD630_26100,377
653,gene_654,iCN900.CD630_26230,133
654,gene_655,iCN900.CD630_26270,75
655,gene_656,iCN900.CD630_26300,294
656,gene_657,iCN900.CD630_26510,246
657,gene_658,iCN900.CD630_26540,227
658,gene_659,iCN900.CD630_26550,239
659,gene_660,iCN900.CD630_26640,263
660,gene_661,iCN900.CD630_26760,392
661,gene_662,iCN900.CD630_26820,1290
662,gene_663,iCN900.CD630_26910,196
663,gene_664,iCN900.CD630_26950,357
664,gene_665,iCN900.CD630_26960,211
665,gene_666,iCN900.CD630_27140,436
666,gene_667,iCN900.CD630_27260,499
667,gene_668,iCN900.CD630_27330,228
668,gene_669,iCN900.CD630_27390,647
669,gene_670,iCN900.CD630_27410,301
670,gene_671,iCN900.CD630_27420,114
671,gene_672,iCN900.CD630_27440,538
672,gene_673,iCN900.CD630_27550,446
673,gene_674,iCN900.CD630_27800,446
674,gene_675,iCN900.CD630_28280,308
675,gene_676,iCN900.CD630_28320,260
676,gene_677,iCN900.CD630_29550,469
677,gene_678,iCN900.CD630_29560,572
678,gene_679,iCN900.CD630_29670,142
679,gene_680,iCN900.CD630_31100,307
680,gene_681,iCN900.CD630_31250,115
682,gene_683,iCN900.CD630_31690,151
683,gene_684,iCN900.CD630_31700,504
684,gene_685,iCN900.CD630_31710,560
685,gene_686,iCN900.CD630_31720,265
686,gene_687,iCN900.CD630_31730,506
687,gene_688,iCN900.CD630_31740,415
688,gene_689,iCN900.CD630_31890,185
689,gene_690,iCN900.CD630_31950,496
690,gene_691,iCN900.CD630_32150,115
691,gene_692,iCN900.CD630_32230,303
692,gene_693,iCN900.CD630_32250,324
693,gene_694,iCN900.CD630_32260,182
694,gene_695,iCN900.CD630_32530,266
695,gene_696,iCN900.CD630_32560,976
696,gene_697,iCN900.CD630_32610,367
697,gene_698,iCN900.CD630_32620,234
698,gene_699,iCN900.CD630_32630,245
699,gene_700,iCN900.CD630_32680,102
700,gene_701,iCN900.CD630_32740,51
701,gene_702,iCN900.CD630_32810,168
702,gene_703,iCN900.CD630_32850,519
703,gene_704,iCN900.CD630_32860,334
704,gene_705,iCN900.CD630_33080,144
705,gene_706,iCN900.CD630_33940,573
706,gene_707,iCN900.CD630_33950,337
707,gene_708,iCN900.CD630_34020,222
709,gene_710,iCN900.CD630_34150,140
710,gene_711,iCN900.CD630_34160,171
711,gene_712,iCN900.CD630_34220,157
713,gene_714,iCN900.CD630_34240,223
714,gene_715,iCN900.CD630_34260,260
715,gene_716,iCN900.CD630_34290,184
716,gene_717,iCN900.CD630_34350,432
717,gene_718,iCN900.CD630_34400,130
718,gene_719,iCN900.CD630_34590,337
719,gene_720,iCN900.CD630_34630,233
720,gene_721,iCN900.CD630_34680,702
721,gene_722,iCN900.CD630_34690,241
722,gene_723,iCN900.CD630_34700,668
723,gene_724,iCN900.CD630_34710,94
724,gene_725,iCN900.CD630_34720,77
725,gene_726,iCN900.CD630_34740,132
726,gene_727,iCN900.CD630_34790,291
727,gene_728,iCN900.CD630_34970,158
728,gene_729,iCN900.CD630_35150,177
729,gene_730,iCN900.CD630_35180,305
730,gene_731,iCN900.CD630_35270,242
731,gene_732,iCN900.CD630_35300,111
732,gene_733,iCN900.CD630_35400,653
733,gene_734,iCN900.CD630_35500,207
734,gene_735,iCN900.CD630_35520,533
735,gene_736,iCN900.CD630_35550,146
736,gene_737,iCN900.CD630_35620,239
737,gene_738,iCN900.CD630_35880,1140
738,gene_739,iCN900.CD630_35890,331
739,gene_740,iCN900.CD630_35900,1141
740,gene_741,iCN900.CD630_35960,709
741,gene_742,iCN900.CD630_36550,313
742,gene_743,iCN900.CD630_36640,74
743,gene_744,iEK1008.Rv0018c,135
744,gene_745,iEK1008.Rv0092,42
745,gene_746,iEK1008.Rv0125,109
746,gene_747,iEK1008.Rv0126,231
747,gene_748,iEK1008.Rv0183,76
748,gene_749,iEK1008.Rv0684,810
749,gene_750,iEK1008.Rv0958,45
750,gene_751,iEK1008.Rv1237,126
751,gene_752,iEK1008.Rv1288,49
752,gene_753,iEK1008.Rv1326c,617
753,gene_754,iEK1008.Rv1381,241
754,gene_755,iEK1008.Rv1392,345
755,gene_756,iEK1008.Rv1408,189
757,gene_758,iEK1008.Rv1464,331
758,gene_759,iEK1008.Rv1483,89
759,gene_760,iEK1008.Rv1500,115
760,gene_761,iEK1008.Rv1605,216
761,gene_762,iEK1008.Rv1712,178
762,gene_763,iEK1008.Rv2039c,175
763,gene_764,iEK1008.Rv2040c,174
764,gene_765,iEK1008.Rv2041c,52
765,gene_766,iEK1008.Rv2051c,87
767,gene_768,iEK1008.Rv2188c,56
768,gene_769,iEK1008.Rv2201,406
769,gene_770,iEK1008.Rv2228c,39
770,gene_771,iEK1008.Rv2316,163
771,gene_772,iEK1008.Rv2334,374
772,gene_773,iEK1008.Rv2361c,191
773,gene_774,iEK1008.Rv2385,134
774,gene_775,iEK1008.Rv2397c,221
775,gene_776,iEK1008.Rv2427c,340
776,gene_777,iEK1008.Rv2485c,55
777,gene_778,iEK1008.Rv2834c,129
778,gene_779,iEK1008.Rv2835c,89
780,gene_781,iEK1008.Rv2922A,62
781,gene_782,iEK1008.Rv2936,111
782,gene_783,iEK1008.Rv2952,52
783,gene_784,iEK1008.Rv2984,384
784,gene_785,iEK1008.Rv3010c,246
785,gene_786,iEK1008.Rv3032,83
786,gene_787,iEK1008.Rv3113,74
787,gene_788,iEK1008.Rv3265c,65
789,gene_790,iEK1008.Rv3275c,140
790,gene_791,iEK1008.Rv3401,229
791,gene_792,iEK1008.Rv3624c,204
792,gene_793,iEK1008.Rv3634c,58
793,gene_794,iEK1008.Rv3709c,53
794,gene_795,iEK1008.Rv3710,475
796,gene_797,iEK1008.Rv3782,56
797,gene_798,iEK1008.Rv3784,144
799,gene_800,iEK1008.Rv3913,151
800,gene_801,iHN637.CLJU_RS00085,259
801,gene_802,iHN637.CLJU_RS00585,484
802,gene_803,iHN637.CLJU_RS00590,279
803,gene_804,iHN637.CLJU_RS00595,582
804,gene_805,iHN637.CLJU_RS00610,181
805,gene_806,iHN637.CLJU_RS00620,311
806,gene_807,iHN637.CLJU_RS00680,208
807,gene_808,iHN637.CLJU_RS00840,708
808,gene_809,iHN637.CLJU_RS01030,154
809,gene_810,iHN637.CLJU_RS01075,687
810,gene_811,iHN637.CLJU_RS01130,153
811,gene_812,iHN637.CLJU_RS01135,298
812,gene_813,iHN637.CLJU_RS01175,84
813,gene_814,iHN637.CLJU_RS01180,645
814,gene_815,iHN637.CLJU_RS01190,655
815,gene_816,iHN637.CLJU_RS01195,72
816,gene_817,iHN637.CLJU_RS01260,530
817,gene_818,iHN637.CLJU_RS01300,587
818,gene_819,iHN637.CLJU_RS01315,133
819,gene_820,iHN637.CLJU_RS01470,62
820,gene_821,iHN637.CLJU_RS01495,300
821,gene_822,iHN637.CLJU_RS01500,336
822,gene_823,iHN637.CLJU_RS01560,228
823,gene_824,iHN637.CLJU_RS01590,332
824,gene_825,iHN637.CLJU_RS02030,440
825,gene_826,iHN637.CLJU_RS02100,305
826,gene_827,iHN637.CLJU_RS02150,323
827,gene_828,iHN637.CLJU_RS02155,1113
828,gene_829,iHN637.CLJU_RS02275,303
829,gene_830,iHN637.CLJU_RS02395,35
830,gene_831,iHN637.CLJU_RS02400,44
831,gene_832,iHN637.CLJU_RS02610,189
832,gene_833,iHN637.CLJU_RS02615,523
833,gene_834,iHN637.CLJU_RS02625,311
834,gene_835,iHN637.CLJU_RS02630,231
835,gene_836,iHN637.CLJU_RS02730,519
836,gene_837,iHN637.CLJU_RS02740,308
837,gene_838,iHN637.CLJU_RS02745,233
838,gene_839,iHN637.CLJU_RS02945,232
839,gene_840,iHN637.CLJU_RS02950,348
840,gene_841,iHN637.CLJU_RS03255,199
841,gene_842,iHN637.CLJU_RS03260,347
842,gene_843,iHN637.CLJU_RS03265,483
843,gene_844,iHN637.CLJU_RS03270,653
844,gene_845,iHN637.CLJU_RS03295,439
845,gene_846,iHN637.CLJU_RS03300,436
846,gene_847,iHN637.CLJU_RS03400,564
847,gene_848,iHN637.CLJU_RS03520,233
848,gene_849,iHN637.CLJU_RS03595,125
849,gene_850,iHN637.CLJU_RS03645,82
850,gene_851,iHN637.CLJU_RS04010,1150
851,gene_852,iHN637.CLJU_RS04210,257
852,gene_853,iHN637.CLJU_RS04215,445
853,gene_854,iHN637.CLJU_RS04220,347
854,gene_855,iHN637.CLJU_RS04225,171
856,gene_857,iHN637.CLJU_RS04385,353
857,gene_858,iHN637.CLJU_RS04410,204
858,gene_859,iHN637.CLJU_RS04420,232
859,gene_860,iHN637.CLJU_RS04465,572
860,gene_861,iHN637.CLJU_RS04470,209
861,gene_862,iHN637.CLJU_RS04475,360
862,gene_863,iHN637.CLJU_RS04575,382
863,gene_864,iHN637.CLJU_RS04605,1302
864,gene_865,iHN637.CLJU_RS04950,252
865,gene_866,iHN637.CLJU_RS05135,404
866,gene_867,iHN637.CLJU_RS05190,300
867,gene_868,iHN637.CLJU_RS05195,241
868,gene_869,iHN637.CLJU_RS05200,210
869,gene_870,iHN637.CLJU_RS05255,119
870,gene_871,iHN637.CLJU_RS05470,454
871,gene_872,iHN637.CLJU_RS05525,222
872,gene_873,iHN637.CLJU_RS05570,294
873,gene_874,iHN637.CLJU_RS05575,168
874,gene_875,iHN637.CLJU_RS05585,166
875,gene_876,iHN637.CLJU_RS05590,145
876,gene_877,iHN637.CLJU_RS05595,102
877,gene_878,iHN637.CLJU_RS05640,469
878,gene_879,iHN637.CLJU_RS05660,1311
879,gene_880,iHN637.CLJU_RS05725,191
880,gene_881,iHN637.CLJU_RS05730,422
881,gene_882,iHN637.CLJU_RS05735,215
882,gene_883,iHN637.CLJU_RS05745,194
883,gene_884,iHN637.CLJU_RS05750,266
884,gene_885,iHN637.CLJU_RS05755,268
885,gene_886,iHN637.CLJU_RS05895,263
886,gene_887,iHN637.CLJU_RS06095,360
887,gene_888,iHN637.CLJU_RS06145,143
888,gene_889,iHN637.CLJU_RS06265,438
889,gene_890,iHN637.CLJU_RS06280,251
890,gene_891,iHN637.CLJU_RS06285,69
891,gene_892,iHN637.CLJU_RS06400,247
892,gene_893,iHN637.CLJU_RS06420,315
893,gene_894,iHN637.CLJU_RS06430,337
894,gene_895,iHN637.CLJU_RS06465,157
895,gene_896,iHN637.CLJU_RS06515,122
896,gene_897,iHN637.CLJU_RS06565,606
897,gene_898,iHN637.CLJU_RS06575,558
898,gene_899,iHN637.CLJU_RS06595,574
899,gene_900,iHN637.CLJU_RS06865,462
900,gene_901,iHN637.CLJU_RS07005,416
901,gene_902,iHN637.CLJU_RS07410,176
903,gene_904,iHN637.CLJU_RS08540,220
904,gene_905,iHN637.CLJU_RS08700,749
905,gene_906,iHN637.CLJU_RS08905,141
906,gene_907,iHN637.CLJU_RS08910,191
907,gene_908,iHN637.CLJU_RS08920,344
908,gene_909,iHN637.CLJU_RS08925,419
910,gene_911,iHN637.CLJU_RS09415,107
911,gene_912,iHN637.CLJU_RS10005,413
912,gene_913,iHN637.CLJU_RS10010,413
913,gene_914,iHN637.CLJU_RS10015,664
914,gene_915,iHN637.CLJU_RS10025,132
916,gene_917,iHN637.CLJU_RS10220,204
917,gene_918,iHN637.CLJU_RS10465,399
918,gene_919,iHN637.CLJU_RS10560,336
919,gene_920,iHN637.CLJU_RS10565,282
920,gene_921,iHN637.CLJU_RS10570,369
921,gene_922,iHN637.CLJU_RS11515,528
922,gene_923,iHN637.CLJU_RS11545,125
923,gene_924,iHN637.CLJU_RS11570,42
924,gene_925,iHN637.CLJU_RS11785,340
925,gene_926,iHN637.CLJU_RS11970,374
926,gene_927,iHN637.CLJU_RS12040,91
927,gene_928,iHN637.CLJU_RS12255,488
928,gene_929,iHN637.CLJU_RS12420,1040
929,gene_930,iHN637.CLJU_RS12430,375
930,gene_931,iHN637.CLJU_RS12895,312
931,gene_932,iHN637.CLJU_RS13065,87
932,gene_933,iHN637.CLJU_RS13070,110
933,gene_934,iHN637.CLJU_RS13075,257
934,gene_935,iHN637.CLJU_RS13140,147
935,gene_936,iHN637.CLJU_RS13170,577
936,gene_937,iHN637.CLJU_RS13735,162
937,gene_938,iHN637.CLJU_RS13835,384
938,gene_939,iHN637.CLJU_RS14330,636
939,gene_940,iHN637.CLJU_RS14365,149
940,gene_941,iHN637.CLJU_RS14370,188
941,gene_942,iHN637.CLJU_RS14375,323
942,gene_943,iHN637.CLJU_RS14380,296
943,gene_944,iHN637.CLJU_RS14390,191
944,gene_945,iHN637.CLJU_RS14395,374
945,gene_946,iHN637.CLJU_RS14475,1197
946,gene_947,iHN637.CLJU_RS15025,206
947,gene_948,iHN637.CLJU_RS15095,356
948,gene_949,iHN637.CLJU_RS15695,162
950,gene_951,iHN637.CLJU_RS15710,253
951,gene_952,iHN637.CLJU_RS15730,192
952,gene_953,iHN637.CLJU_RS15740,225
953,gene_954,iHN637.CLJU_RS15745,241
954,gene_955,iHN637.CLJU_RS15780,422
955,gene_956,iHN637.CLJU_RS15830,247
956,gene_957,iHN637.CLJU_RS15865,312
957,gene_958,iHN637.CLJU_RS16285,248
958,gene_959,iHN637.CLJU_RS16290,140
959,gene_960,iHN637.CLJU_RS16295,173
960,gene_961,iHN637.CLJU_RS16355,356
961,gene_962,iHN637.CLJU_RS16390,202
962,gene_963,iHN637.CLJU_RS16395,173
963,gene_964,iHN637.CLJU_RS16615,619
964,gene_965,iHN637.CLJU_RS16730,218
965,gene_966,iHN637.CLJU_RS16870,394
966,gene_967,iHN637.CLJU_RS16970,369
967,gene_968,iHN637.CLJU_RS17035,195
968,gene_969,iHN637.CLJU_RS17040,303
969,gene_970,iHN637.CLJU_RS17100,253
970,gene_971,iHN637.CLJU_RS17105,946
972,gene_973,iHN637.CLJU_RS17500,98
973,gene_974,iHN637.CLJU_RS17575,328
974,gene_975,iHN637.CLJU_RS17580,194
975,gene_976,iHN637.CLJU_RS17585,312
976,gene_977,iHN637.CLJU_RS17590,128
977,gene_978,iHN637.CLJU_RS17595,370
978,gene_979,iHN637.CLJU_RS18285,495
979,gene_980,iHN637.CLJU_RS18300,627
980,gene_981,iHN637.CLJU_RS18325,283
981,gene_982,iHN637.CLJU_RS18335,387
982,gene_983,iHN637.CLJU_RS18405,170
983,gene_984,iHN637.CLJU_RS18540,699
984,gene_985,iHN637.CLJU_RS18755,102
985,gene_986,iHN637.CLJU_RS18940,440
986,gene_987,iHN637.CLJU_RS19255,533
987,gene_988,iHN637.CLJU_RS19260,582
988,gene_989,iHN637.CLJU_RS19265,280
989,gene_990,iHN637.CLJU_RS19270,508
990,gene_991,iHN637.CLJU_RS19350,235
991,gene_992,iHN637.CLJU_RS19450,361
992,gene_993,iHN637.CLJU_RS19520,270
993,gene_994,iHN637.CLJU_RS19680,473
994,gene_995,iHN637.CLJU_RS19890,241
995,gene_996,iHN637.CLJU_RS19905,653
996,gene_997,iHN637.CLJU_RS19990,204
997,gene_998,iHN637.CLJU_RS19995,324
998,gene_999,iHN637.CLJU_RS20110,202
999,gene_1000,iHN637.CLJU_RS20420,396
1000,gene_1001,iHN637.CLJU_RS20455,132
1001,gene_1002,iHN637.CLJU_RS20465,207
1002,gene_1003,iHN637.CLJU_RS20535,161
1003,gene_1004,iHN637.CLJU_RS20580,76
1004,gene_1005,iHN637.CLJU_RS20600,287
1005,gene_1006,iHN637.CLJU_RS20680,459
1007,gene_1008,iHN637.CLJU_RS20750,160
1008,gene_1009,iHN637.CLJU_RS20765,239
1010,gene_1011,iHN637.CLJU_RS20995,318
1011,gene_1012,iIS312.TCDM_01953,67
1012,gene_1013,iIT341.HP0364,45
1013,gene_1014,iIT341.HP0476,167
1014,gene_1015,iIT341.HP0680,487
1015,gene_1016,iIT341.HP0687,47
1017,gene_1018,iIT341.HP1099,149
1018,gene_1019,iIT341.HP1170,167
1019,gene_1020,iIT341.HP1576,160
1020,gene_1021,iJN1463.PP_0065,205
1021,gene_1022,iJN1463.PP_0112,224
1022,gene_1023,iJN1463.PP_0113,169
1023,gene_1024,iJN1463.PP_0114,265
1024,gene_1025,iJN1463.PP_0118,80
1025,gene_1026,iJN1463.PP_0184,440
1026,gene_1027,iJN1463.PP_0219,162
1027,gene_1028,iJN1463.PP_0225,268
1028,gene_1029,iJN1463.PP_0226,153
1029,gene_1030,iJN1463.PP_0227,119
1031,gene_1032,iJN1463.PP_0293,206
1032,gene_1033,iJN1463.PP_0322,462
1034,gene_1035,iJN1463.PP_0376,80
1036,gene_1037,iJN1463.PP_0411,225
1038,gene_1039,iJN1463.PP_0416,89
1039,gene_1040,iJN1463.PP_0527,428
1040,gene_1041,iJN1463.PP_0528,194
1041,gene_1042,iJN1463.PP_0565,53
1042,gene_1043,iJN1463.PP_0671,466
1043,gene_1044,iJN1463.PP_0675,536
1044,gene_1045,iJN1463.PP_0793,171
1045,gene_1046,iJN1463.PP_0833,363
1046,gene_1047,iJN1463.PP_0842,203
1047,gene_1048,iJN1463.PP_0881,158
1048,gene_1049,iJN1463.PP_0936,134
1049,gene_1050,iJN1463.PP_0953,136
1050,gene_1051,iJN1463.PP_0964,242
1051,gene_1052,iJN1463.PP_0965,177
1052,gene_1053,iJN1463.PP_0967,265
1053,gene_1054,iJN1463.PP_1000,364
1054,gene_1055,iJN1463.PP_1017,82
1055,gene_1056,iJN1463.PP_1025,486
1056,gene_1057,iJN1463.PP_1068,90
1057,gene_1058,iJN1463.PP_1075,595
1058,gene_1059,iJN1463.PP_1137,249
1059,gene_1060,iJN1463.PP_1139,177
1061,gene_1062,iJN1463.PP_1167,270
1062,gene_1063,iJN1463.PP_1169,129
1063,gene_1064,iJN1463.PP_1279,57
1064,gene_1065,iJN1463.PP_1280,338
1065,gene_1066,iJN1463.PP_1336,175
1067,gene_1068,iJN1463.PP_1506,212
1068,gene_1069,iJN1463.PP_1595,178
1069,gene_1070,iJN1463.PP_1612,483
1070,gene_1071,iJN1463.PP_1618,199
1071,gene_1072,iJN1463.PP_1628,101
1072,gene_1073,iJN1463.PP_1649,310
1073,gene_1074,iJN1463.PP_1657,147
1074,gene_1075,iJN1463.PP_1665,332
1075,gene_1076,iJN1463.PP_1678,66
1076,gene_1077,iJN1463.PP_1681,82
1077,gene_1078,iJN1463.PP_1722,108
1078,gene_1079,iJN1463.PP_1768,346
1080,gene_1081,iJN1463.PP_1778,86
1081,gene_1082,iJN1463.PP_1779,185
1082,gene_1083,iJN1463.PP_1783,374
1083,gene_1084,iJN1463.PP_1801,66
1085,gene_1086,iJN1463.PP_1805,319
1086,gene_1087,iJN1463.PP_1924,104
1088,gene_1089,iJN1463.PP_1988,378
1089,gene_1090,iJN1463.PP_2008,249
1090,gene_1091,iJN1463.PP_2012,139
1091,gene_1092,iJN1463.PP_2145,107
1092,gene_1093,iJN1463.PP_2265,276
1093,gene_1094,iJN1463.PP_2410,191
1094,gene_1095,iJN1463.PP_2416,150
1096,gene_1097,iJN1463.PP_2443,367
1097,gene_1098,iJN1463.PP_2454,79
1098,gene_1099,iJN1463.PP_2469,338
1099,gene_1100,iJN1463.PP_2489,45
1100,gene_1101,iJN1463.PP_2528,457
1101,gene_1102,iJN1463.PP_2716,58
1102,gene_1103,iJN1463.PP_2872,57
1103,gene_1104,iJN1463.PP_2904,585
1104,gene_1105,iJN1463.PP_3165,44
1105,gene_1106,iJN1463.PP_3461,173
1106,gene_1107,iJN1463.PP_3598,133
1107,gene_1108,iJN1463.PP_3633,230
1108,gene_1109,iJN1463.PP_3817,106
1109,gene_1110,iJN1463.PP_4000,265
1110,gene_1111,iJN1463.PP_4058,656
1111,gene_1112,iJN1463.PP_4059,214
1112,gene_1113,iJN1463.PP_4144,54
1113,gene_1114,iJN1463.PP_4210,38
1115,gene_1116,iJN1463.PP_4473,383
1116,gene_1117,iJN1463.PP_4552,62
1117,gene_1118,iJN1463.PP_4636,401
1118,gene_1119,iJN1463.PP_4639,85
1119,gene_1120,iJN1463.PP_4724,319
1120,gene_1121,iJN1463.PP_4803,87
1121,gene_1122,iJN1463.PP_4830,141
1122,gene_1123,iJN1463.PP_4842,51
1123,gene_1124,iJN1463.PP_4865,141
1125,gene_1126,iJN1463.PP_4889,317
1126,gene_1127,iJN1463.PP_4893,211
1127,gene_1128,iJN1463.PP_4935,284
1128,gene_1129,iJN1463.PP_4943,66
1129,gene_1130,iJN1463.PP_5056,555
1130,gene_1131,iJN1463.PP_5100,142
1131,gene_1132,iJN1463.PP_5123,156
1132,gene_1133,iJN1463.PP_5168,231
1133,gene_1134,iJN1463.PP_5179,99
1134,gene_1135,iJN1463.PP_5215,94
1135,gene_1136,iJN1463.PP_5217,384
1136,gene_1137,iJN1463.PP_5286,129
1137,gene_1138,iJN1463.PP_5326,334
1138,gene_1139,iJN1463.PP_5346,487
1139,gene_1140,iLB1027_lipid.PHATRDRAFT_16944,139
1140,gene_1141,iLB1027_lipid.PHATRDRAFT_19000,188
1141,gene_1142,iLB1027_lipid.PHATRDRAFT_20015,173
1142,gene_1143,iLB1027_lipid.PHATRDRAFT_20342,447
1143,gene_1144,iLB1027_lipid.PHATRDRAFT_20934,356
1144,gene_1145,iLB1027_lipid.PHATRDRAFT_22568,108
1145,gene_1146,iLB1027_lipid.PHATRDRAFT_23920,140
1146,gene_1147,iLB1027_lipid.PHATRDRAFT_30519,48
1147,gene_1148,iLB1027_lipid.PHATRDRAFT_34119,206
1148,gene_1149,iLB1027_lipid.PHATRDRAFT_47067,365
1150,gene_1151,iLB1027_lipid.PHATRDRAFT_6288,41
1151,gene_1152,iLB1027_lipid.PHATRDRAFT_9348,194
1153,gene_1154,iLJ478.TM0025,385
1154,gene_1155,iLJ478.TM0057,341
1155,gene_1156,iLJ478.TM0059,180
1156,gene_1157,iLJ478.TM0060,158
1157,gene_1158,iLJ478.TM0067,353
1158,gene_1159,iLJ478.TM0068,541
1159,gene_1160,iLJ478.TM0069,387
1160,gene_1161,iLJ478.TM0076,440
1161,gene_1162,iLJ478.TM0079,143
1163,gene_1164,iLJ478.TM0097,82
1164,gene_1165,iLJ478.TM0112,46
1165,gene_1166,iLJ478.TM0115,321
1166,gene_1167,iLJ478.TM0167,353
1167,gene_1168,iLJ478.TM0239,185
1168,gene_1169,iLJ478.TM0240,378
1169,gene_1170,iLJ478.TM0274,449
1170,gene_1171,iLJ478.TM0276,512
1171,gene_1172,iLJ478.TM0282,217
1172,gene_1173,iLJ478.TM0291,303
1173,gene_1174,iLJ478.TM0331,43
1174,gene_1175,iLJ478.TM0356,372
1175,gene_1176,iLJ478.TM0402,454
1176,gene_1177,iLJ478.TM0427,584
1177,gene_1178,iLJ478.TM0428,347
1178,gene_1179,iLJ478.TM0446,138
1179,gene_1180,iLJ478.TM0509,127
1180,gene_1181,iLJ478.TM0550,405
1181,gene_1182,iLJ478.TM0551,609
1182,gene_1183,iLJ478.TM0716,131
1183,gene_1184,iLJ478.TM0720,473
1184,gene_1185,iLJ478.TM0751,152
1185,gene_1186,iLJ478.TM0809,102
1186,gene_1187,iLJ478.TM0819,329
1188,gene_1189,iLJ478.TM0869,233
1189,gene_1190,iLJ478.TM0877,485
1190,gene_1191,iLJ478.TM0880,348
1191,gene_1192,iLJ478.TM0881,343
1192,gene_1193,iLJ478.TM0943,331
1193,gene_1194,iLJ478.TM0956,307
1195,gene_1196,iLJ478.TM1036,259
1196,gene_1197,iLJ478.TM1062,116
1197,gene_1198,iLJ478.TM1063,337
1198,gene_1199,iLJ478.TM1064,330
1199,gene_1200,iLJ478.TM1065,185
1200,gene_1201,iLJ478.TM1121,169
1201,gene_1202,iLJ478.TM1122,136
1202,gene_1203,iLJ478.TM1135,95
1203,gene_1204,iLJ478.TM1136,251
1204,gene_1205,iLJ478.TM1137,145
1205,gene_1206,iLJ478.TM1138,264
1206,gene_1207,iLJ478.TM1139,274
1207,gene_1208,iLJ478.TM1161,228
1208,gene_1209,iLJ478.TM1169,88
1209,gene_1210,iLJ478.TM1193,379
1210,gene_1211,iLJ478.TM1203,130
1211,gene_1212,iLJ478.TM1217,236
1212,gene_1213,iLJ478.TM1361,853
1213,gene_1214,iLJ478.TM1374,103
1214,gene_1215,iLJ478.TM1379,265
1215,gene_1216,iLJ478.TM1384,56
1216,gene_1217,iLJ478.TM1430,639
1217,gene_1218,iLJ478.TM1432,334
1218,gene_1219,iLJ478.TM1433,319
1219,gene_1220,iLJ478.TM1469,201
1221,gene_1222,iLJ478.TM1610,639
1222,gene_1223,iLJ478.TM1615,73
1223,gene_1224,iLJ478.TM1640,243
1224,gene_1225,iLJ478.TM1653,424
1225,gene_1226,iLJ478.TM1658,345
1226,gene_1227,iLJ478.TM1737,253
1227,gene_1228,iLJ478.TM1747,153
1228,gene_1229,iLJ478.TM1749,311
1229,gene_1230,iLJ478.TM1750,329
1230,gene_1231,iLJ478.TM1845,383
1231,gene_1232,iLJ478.TM1848,1088
1232,gene_1233,iML1515.b0032,318
1233,gene_1234,iML1515.b0061,291
1234,gene_1235,iML1515.b0062,499
1235,gene_1236,iML1515.b0089,98
1237,gene_1238,iML1515.b0199,276
1238,gene_1239,iML1515.b0243,337
1239,gene_1240,iML1515.b0273,376
1240,gene_1241,iML1515.b0381,241
1241,gene_1242,iML1515.b0386,172
1242,gene_1243,iML1515.b0403,50
1243,gene_1244,iML1515.b0474,202
1244,gene_1245,iML1515.b0512,50
1247,gene_1248,iML1515.b0638,65
1249,gene_1250,iML1515.b0650,272
1250,gene_1251,iML1515.b0757,128
1251,gene_1252,iML1515.b0766,80
1252,gene_1253,iML1515.b0811,102
1253,gene_1254,iML1515.b0826,77
1254,gene_1255,iML1515.b0839,87
1255,gene_1256,iML1515.b0844,74
1256,gene_1257,iML1515.b0855,126
1257,gene_1258,iML1515.b0863,101
1258,gene_1259,iML1515.b0903,897
1260,gene_1261,iML1515.b0914,295
1261,gene_1262,iML1515.b1010,75
1264,gene_1265,iML1515.b1093,91
1265,gene_1266,iML1515.b1103,92
1267,gene_1268,iML1515.b1238,132
1268,gene_1269,iML1515.b1243,254
1269,gene_1270,iML1515.b1246,330
1270,gene_1271,iML1515.b1247,304
1271,gene_1272,iML1515.b1298,122
1272,gene_1273,iML1515.b1329,238
1273,gene_1274,iML1515.b1330,98
1274,gene_1275,iML1515.b1380,291
1276,gene_1277,iML1515.b1475,40
1277,gene_1278,iML1515.b1490,96
1278,gene_1279,iML1515.b1521,352
1280,gene_1281,iML1515.b1616,80
1281,gene_1282,iML1515.b1617,425
1282,gene_1283,iML1515.b1655,87
1283,gene_1284,iML1515.b1680,340
1284,gene_1285,iML1515.b1682,201
1285,gene_1286,iML1515.b1693,103
1286,gene_1287,iML1515.b1711,153
1287,gene_1288,iML1515.b1727,84
1288,gene_1289,iML1515.b1821,115
1289,gene_1290,iML1515.b1850,147
1290,gene_1291,iML1515.b1856,98
1291,gene_1292,iML1515.b1858,82
1292,gene_1293,iML1515.b1917,252
1293,gene_1294,iML1515.b1918,146
1294,gene_1295,iML1515.b1920,124
1295,gene_1296,iML1515.b1985,189
1296,gene_1297,iML1515.b1991,207
1298,gene_1299,iML1515.b2036,464
1299,gene_1300,iML1515.b2039,404
1300,gene_1301,iML1515.b2047,201
1301,gene_1302,iML1515.b2049,170
1302,gene_1303,iML1515.b2134,84
1303,gene_1304,iML1515.b2148,256
1304,gene_1305,iML1515.b2149,513
1305,gene_1306,iML1515.b2150,199
1306,gene_1307,iML1515.b2166,72
1307,gene_1308,iML1515.b2173,84
1308,gene_1309,iML1515.b2253,137
1310,gene_1311,iML1515.b2291,147
1311,gene_1312,iML1515.b2309,74
1312,gene_1313,iML1515.b2411,491
1313,gene_1314,iML1515.b2415,67
1315,gene_1316,iML1515.b2499,337
1316,gene_1317,iML1515.b2530,214
1317,gene_1318,iML1515.b2551,468
1318,gene_1319,iML1515.b2582,87
1320,gene_1321,iML1515.b2690,58
1321,gene_1322,iML1515.b2700,100
1322,gene_1323,iML1515.b2716,441
1323,gene_1324,iML1515.b2727,188
1324,gene_1325,iML1515.b2781,151
1325,gene_1326,iML1515.b2799,406
1327,gene_1328,iML1515.b2843,316
1328,gene_1329,iML1515.b2954,138
1329,gene_1330,iML1515.b3001,390
1330,gene_1331,iML1515.b3040,96
1331,gene_1332,iML1515.b3059,67
1333,gene_1334,iML1515.b3089,365
1334,gene_1335,iML1515.b3091,522
1335,gene_1336,iML1515.b3092,452
1336,gene_1337,iML1515.b3189,226
1337,gene_1338,iML1515.b3201,137
1338,gene_1339,iML1515.b3225,160
1339,gene_1340,iML1515.b3248,121
1340,gene_1341,iML1515.b3290,216
1341,gene_1342,iML1515.b3291,87
1342,gene_1343,iML1515.b3374,94
1343,gene_1344,iML1515.b3386,177
1344,gene_1345,iML1515.b3389,188
1345,gene_1346,iML1515.b3403,735
1346,gene_1347,iML1515.b3409,52
1347,gene_1348,iML1515.b3417,622
1348,gene_1349,iML1515.b3428,615
1349,gene_1350,iML1515.b3432,619
1350,gene_1351,iML1515.b3454,101
1351,gene_1352,iML1515.b3456,175
1353,gene_1354,iML1515.b3469,44
1355,gene_1356,iML1515.b3543,161
1356,gene_1357,iML1515.b3567,309
1357,gene_1358,iML1515.b3579,39
1358,gene_1359,iML1515.b3583,277
1359,gene_1360,iML1515.b3590,80
1361,gene_1362,iML1515.b3634,171
1362,gene_1363,iML1515.b3640,122
1363,gene_1364,iML1515.b3648,133
1365,gene_1366,iML1515.b3697,150
1366,gene_1367,iML1515.b3722,108
1367,gene_1368,iML1515.b3749,301
1368,gene_1369,iML1515.b3751,60
1369,gene_1370,iML1515.b3781,97
1370,gene_1371,iML1515.b3789,369
1371,gene_1372,iML1515.b3791,497
1372,gene_1373,iML1515.b3826,66
1374,gene_1375,iML1515.b3885,50
1376,gene_1377,iML1515.b3904,309
1377,gene_1378,iML1515.b3926,637
1378,gene_1379,iML1515.b3943,50
1379,gene_1380,iML1515.b4035,224
1380,gene_1381,iML1515.b4090,137
1381,gene_1382,iML1515.b4092,45
1382,gene_1383,iML1515.b4120,73
1383,gene_1384,iML1515.b4167,132
1384,gene_1385,iML1515.b4173,218
1385,gene_1386,iML1515.b4177,305
1386,gene_1387,iML1515.b4198,302
1387,gene_1388,iML1515.b4230,54
1388,gene_1389,iML1515.b4237,134
1389,gene_1390,iML1515.b4238,412
1390,gene_1391,iML1515.b4254,380
1391,gene_1392,iML1515.b4266,220
1392,gene_1393,iML1515.b4352,80
1393,gene_1394,iML1515.b4358,196
1394,gene_1395,iML1515.b4374,125
1395,gene_1396,iML1515.b4384,184
1396,gene_1397,iMM1415.102857,125
1397,gene_1398,iMM1415.107272,320
1398,gene_1399,iMM1415.110095,663
1399,gene_1400,iMM1415.110935,452
1400,gene_1401,iMM1415.11303,132
1403,gene_1404,iMM1415.11966,460
1404,gene_1405,iMM1415.14411,122
1405,gene_1406,iMM1415.14450,363
1406,gene_1407,iMM1415.15567,124
1407,gene_1408,iMM1415.18195,140
1408,gene_1409,iMM1415.18563,46
1409,gene_1410,iMM1415.18670,216
1410,gene_1411,iMM1415.19309,664
1412,gene_1413,iMM1415.20538,120
1414,gene_1415,iMM1415.226413,288
1415,gene_1416,iMM1415.232333,126
1416,gene_1417,iMM1415.240332,132
1417,gene_1418,iMM1415.243616,120
1418,gene_1419,iMM1415.266645,105
1419,gene_1420,iMM1415.320685,211
1421,gene_1422,iMM1415.50798,103
1422,gene_1423,iMM1415.56185,117
1423,gene_1424,iMM1415.66646,186
1424,gene_1425,iMM1415.94181,192
1425,gene_1426,iMM904.YBR127C,469
1426,gene_1427,iMM904.YDL055C,92
1427,gene_1428,iMM904.YDL100C,90
1428,gene_1429,iMM904.YDR158W,256
1431,gene_1432,iMM904.YKR080W,36
1432,gene_1433,iMM904.YML008C,47
1433,gene_1434,iMM904.YML059C,49
1434,gene_1435,iMM904.YOR128C,144
1435,gene_1436,iNF517.LLMG_RS00415,67
1436,gene_1437,iNF517.LLMG_RS00495,490
1438,gene_1439,iNF517.LLMG_RS00670,65
1439,gene_1440,iNF517.LLMG_RS00675,425
1440,gene_1441,iNF517.LLMG_RS01005,299
1441,gene_1442,iNF517.LLMG_RS01055,452
1442,gene_1443,iNF517.LLMG_RS01090,389
1443,gene_1444,iNF517.LLMG_RS01180,456
1444,gene_1445,iNF517.LLMG_RS01445,130
1445,gene_1446,iNF517.LLMG_RS01465,426
1446,gene_1447,iNF517.LLMG_RS01625,108
1447,gene_1448,iNF517.LLMG_RS01970,149
1448,gene_1449,iNF517.LLMG_RS01990,87
1449,gene_1450,iNF517.LLMG_RS02055,335
1450,gene_1451,iNF517.LLMG_RS02290,379
1452,gene_1453,iNF517.LLMG_RS02785,384
1454,gene_1455,iNF517.LLMG_RS02930,480
1455,gene_1456,iNF517.LLMG_RS02940,319
1456,gene_1457,iNF517.LLMG_RS03315,492
1457,gene_1458,iNF517.LLMG_RS03735,244
1458,gene_1459,iNF517.LLMG_RS03810,230
1459,gene_1460,iNF517.LLMG_RS03815,264
1460,gene_1461,iNF517.LLMG_RS03820,124
1461,gene_1462,iNF517.LLMG_RS03850,231
1462,gene_1463,iNF517.LLMG_RS03940,219
1463,gene_1464,iNF517.LLMG_RS03945,351
1464,gene_1465,iNF517.LLMG_RS04060,329
1465,gene_1466,iNF517.LLMG_RS04530,355
1466,gene_1467,iNF517.LLMG_RS04935,117
1467,gene_1468,iNF517.LLMG_RS04970,423
1468,gene_1469,iNF517.LLMG_RS05020,347
1469,gene_1470,iNF517.LLMG_RS05085,132
1470,gene_1471,iNF517.LLMG_RS05380,399
1471,gene_1472,iNF517.LLMG_RS05530,1073
1472,gene_1473,iNF517.LLMG_RS05580,579
1473,gene_1474,iNF517.LLMG_RS06000,545
1474,gene_1475,iNF517.LLMG_RS06045,176
1475,gene_1476,iNF517.LLMG_RS06170,35
1476,gene_1477,iNF517.LLMG_RS06195,192
1477,gene_1478,iNF517.LLMG_RS06540,247
1478,gene_1479,iNF517.LLMG_RS06545,194
1479,gene_1480,iNF517.LLMG_RS06550,175
1480,gene_1481,iNF517.LLMG_RS06565,388
1481,gene_1482,iNF517.LLMG_RS06585,263
1484,gene_1485,iNF517.LLMG_RS06750,229
1485,gene_1486,iNF517.LLMG_RS07195,119
1486,gene_1487,iNF517.LLMG_RS07220,172
1487,gene_1488,iNF517.LLMG_RS07320,92
1488,gene_1489,iNF517.LLMG_RS07670,161
1489,gene_1490,iNF517.LLMG_RS07900,435
1490,gene_1491,iNF517.LLMG_RS08030,678
1492,gene_1493,iNF517.LLMG_RS08170,196
1494,gene_1495,iNF517.LLMG_RS08455,244
1495,gene_1496,iNF517.LLMG_RS08520,294
1496,gene_1497,iNF517.LLMG_RS08555,113
1497,gene_1498,iNF517.LLMG_RS08710,166
1498,gene_1499,iNF517.LLMG_RS08750,838
1500,gene_1501,iNF517.LLMG_RS09360,377
1501,gene_1502,iNF517.LLMG_RS09365,543
1502,gene_1503,iNF517.LLMG_RS09380,371
1503,gene_1504,iNF517.LLMG_RS09700,210
1504,gene_1505,iNF517.LLMG_RS09715,161
1505,gene_1506,iNF517.LLMG_RS09720,315
1506,gene_1507,iNF517.LLMG_RS09745,609
1507,gene_1508,iNF517.LLMG_RS09915,288
1508,gene_1509,iNF517.LLMG_RS10005,270
1509,gene_1510,iNF517.LLMG_RS10255,776
1510,gene_1511,iNF517.LLMG_RS10355,113
1511,gene_1512,iNF517.LLMG_RS10800,45
1512,gene_1513,iNF517.LLMG_RS10835,323
1513,gene_1514,iNF517.LLMG_RS10940,296
1514,gene_1515,iNF517.LLMG_RS11000,172
1515,gene_1516,iNF517.LLMG_RS11030,363
1516,gene_1517,iNF517.LLMG_RS11055,339
1517,gene_1518,iNF517.LLMG_RS11155,126
1518,gene_1519,iNF517.LLMG_RS11965,388
1519,gene_1520,iNF517.LLMG_RS12140,76
1520,gene_1521,iNF517.LLMG_RS12440,275
1521,gene_1522,iNF517.LLMG_RS12480,332
1522,gene_1523,iNF517.LLMG_RS12580,118
1523,gene_1524,iNF517.LLMG_RS12590,588
1524,gene_1525,iNF517.LLMG_RS12755,399
1525,gene_1526,iPC815.YPO0040,134
1526,gene_1527,iPC815.YPO0047,135
1527,gene_1528,iPC815.YPO0053,163
1528,gene_1529,iPC815.YPO0132,49
1529,gene_1530,iPC815.YPO0138,740
1530,gene_1531,iPC815.YPO0155,182
1531,gene_1532,iPC815.YPO0156,91
1532,gene_1533,iPC815.YPO0157,361
1533,gene_1534,iPC815.YPO0239,204
1534,gene_1535,iPC815.YPO0241,242
1535,gene_1536,iPC815.YPO0328,264
1536,gene_1537,iPC815.YPO0330,305
1539,gene_1540,iPC815.YPO0440,186
1540,gene_1541,iPC815.YPO0481,307
1541,gene_1542,iPC815.YPO0579,436
1542,gene_1543,iPC815.YPO0581,498
1543,gene_1544,iPC815.YPO0584,381
1544,gene_1545,iPC815.YPO0945,150
1545,gene_1546,iPC815.YPO0995,72
1546,gene_1547,iPC815.YPO1073,263
1548,gene_1549,iPC815.YPO1137,123
1549,gene_1550,iPC815.YPO1176,85
1550,gene_1551,iPC815.YPO1332,110
1551,gene_1552,iPC815.YPO1379,264
1552,gene_1553,iPC815.YPO1389,320
1553,gene_1554,iPC815.YPO1395,285
1554,gene_1555,iPC815.YPO1507,195
1555,gene_1556,iPC815.YPO1508,508
1556,gene_1557,iPC815.YPO1509,250
1557,gene_1558,iPC815.YPO1597,200
1558,gene_1559,iPC815.YPO1599,85
1559,gene_1560,iPC815.YPO1913,303
1561,gene_1562,iPC815.YPO2060,84
1562,gene_1563,iPC815.YPO2067,152
1563,gene_1564,iPC815.YPO2176,139
1564,gene_1565,iPC815.YPO2253,496
1566,gene_1567,iPC815.YPO2295,119
1567,gene_1568,iPC815.YPO2329,293
1568,gene_1569,iPC815.YPO2369,297
1569,gene_1570,iPC815.YPO2421,124
1570,gene_1571,iPC815.YPO2425,147
1572,gene_1573,iPC815.YPO2539,220
1573,gene_1574,iPC815.YPO2559,136
1574,gene_1575,iPC815.YPO2607,81
1575,gene_1576,iPC815.YPO2628,377
1576,gene_1577,iPC815.YPO2630,574
1577,gene_1578,iPC815.YPO2828,346
1578,gene_1579,iPC815.YPO2896,211
1579,gene_1580,iPC815.YPO2907,456
1580,gene_1581,iPC815.YPO2993,65
1581,gene_1582,iPC815.YPO3053,59
1582,gene_1583,iPC815.YPO3115,92
1583,gene_1584,iPC815.YPO3118,202
1584,gene_1585,iPC815.YPO3144,275
1585,gene_1586,iPC815.YPO3172,75
1587,gene_1588,iPC815.YPO3221,338
1589,gene_1590,iPC815.YPO3326,291
1590,gene_1591,iPC815.YPO3388,92
1591,gene_1592,iPC815.YPO3446,382
1592,gene_1593,iPC815.YPO3454,398
1593,gene_1594,iPC815.YPO3569,236
1594,gene_1595,iPC815.YPO3627,89
1596,gene_1597,iPC815.YPO3795,120
1598,gene_1599,iPC815.YPO3805,237
1599,gene_1600,iPC815.YPO3806,145
1600,gene_1601,iPC815.YPO3807,221
1601,gene_1602,iPC815.YPO3855,89
1602,gene_1603,iPC815.YPO3861,382
1603,gene_1604,iPC815.YPO3868,96
1604,gene_1605,iPC815.YPO3938,493
1605,gene_1606,iPC815.YPO3942,639
1606,gene_1607,iPC815.YPO3964,301
1608,gene_1609,iSDY_1059.SDY_0054,318
1609,gene_1610,iSDY_1059.SDY_0088,291
1610,gene_1611,iSDY_1059.SDY_0089,498
1612,gene_1613,iSDY_1059.SDY_0100,260
1613,gene_1614,iSDY_1059.SDY_0116,225
1614,gene_1615,iSDY_1059.SDY_0190,176
1615,gene_1616,iSDY_1059.SDY_0218,271
1616,gene_1617,iSDY_1059.SDY_0356,173
1617,gene_1618,iSDY_1059.SDY_0365,238
1618,gene_1619,iSDY_1059.SDY_0445,199
1619,gene_1620,iSDY_1059.SDY_0473,335
1620,gene_1621,iSDY_1059.SDY_0515,201
1622,gene_1623,iSDY_1059.SDY_0561,81
1623,gene_1624,iSDY_1059.SDY_0614,575
1624,gene_1625,iSDY_1059.SDY_0704,124
1625,gene_1626,iSDY_1059.SDY_0740,127
1626,gene_1627,iSDY_1059.SDY_0761,79
1627,gene_1628,iSDY_1059.SDY_0785,113
1628,gene_1629,iSDY_1059.SDY_0787,92
1629,gene_1630,iSDY_1059.SDY_0825,41
1630,gene_1631,iSDY_1059.SDY_0841,87
1631,gene_1632,iSDY_1059.SDY_0985,75
1632,gene_1633,iSDY_1059.SDY_1025,199
1633,gene_1634,iSDY_1059.SDY_1136,152
1634,gene_1635,iSDY_1059.SDY_1145,81
1635,gene_1636,iSDY_1059.SDY_1290,130
1636,gene_1637,iSDY_1059.SDY_1301,249
1637,gene_1638,iSDY_1059.SDY_1304,335
1638,gene_1639,iSDY_1059.SDY_1305,306
1639,gene_1640,iSDY_1059.SDY_1409,234
1640,gene_1641,iSDY_1059.SDY_1464,286
1641,gene_1642,iSDY_1059.SDY_1474,103
1642,gene_1643,iSDY_1059.SDY_1806,152
1644,gene_1645,iSDY_1059.SDY_1913,200
1645,gene_1646,iSDY_1059.SDY_2043,99
1646,gene_1647,iSDY_1059.SDY_2057,88
1647,gene_1648,iSDY_1059.SDY_2154,84
1648,gene_1649,iSDY_1059.SDY_2206,397
1649,gene_1650,iSDY_1059.SDY_2242,208
1650,gene_1651,iSDY_1059.SDY_2344,308
1651,gene_1652,iSDY_1059.SDY_2358,897
1652,gene_1653,iSDY_1059.SDY_2368,245
1653,gene_1654,iSDY_1059.SDY_2487,137
1654,gene_1655,iSDY_1059.SDY_2508,75
1657,gene_1658,iSDY_1059.SDY_2608,491
1658,gene_1659,iSDY_1059.SDY_2612,67
1660,gene_1661,iSDY_1059.SDY_2688,335
1661,gene_1662,iSDY_1059.SDY_2726,214
1662,gene_1663,iSDY_1059.SDY_2741,462
1664,gene_1665,iSDY_1059.SDY_2825,87
1665,gene_1666,iSDY_1059.SDY_2837,95
1666,gene_1667,iSDY_1059.SDY_2887,84
1667,gene_1668,iSDY_1059.SDY_2912,440
1668,gene_1669,iSDY_1059.SDY_2945,193
1669,gene_1670,iSDY_1059.SDY_2998,151
1670,gene_1671,iSDY_1059.SDY_3016,405
1671,gene_1672,iSDY_1059.SDY_3118,139
1672,gene_1673,iSDY_1059.SDY_3200,94
1673,gene_1674,iSDY_1059.SDY_3242,67
1674,gene_1675,iSDY_1059.SDY_3274,385
1675,gene_1676,iSDY_1059.SDY_3276,521
1676,gene_1677,iSDY_1059.SDY_3370,240
1677,gene_1678,iSDY_1059.SDY_3382,137
1679,gene_1680,iSDY_1059.SDY_3464,259
1680,gene_1681,iSDY_1059.SDY_3466,214
1681,gene_1682,iSDY_1059.SDY_3574,615
1682,gene_1683,iSDY_1059.SDY_3578,617
1683,gene_1684,iSDY_1059.SDY_3603,103
1684,gene_1685,iSDY_1059.SDY_3605,135
1685,gene_1686,iSDY_1059.SDY_3607,107
1686,gene_1687,iSDY_1059.SDY_3620,44
1687,gene_1688,iSDY_1059.SDY_3659,622
1688,gene_1689,iSDY_1059.SDY_3667,52
1689,gene_1690,iSDY_1059.SDY_3673,733
1690,gene_1691,iSDY_1059.SDY_3693,176
1692,gene_1693,iSDY_1059.SDY_3695,359
1693,gene_1694,iSDY_1059.SDY_3818,636
1695,gene_1696,iSDY_1059.SDY_3917,65
1698,gene_1699,iSDY_1059.SDY_3959,367
1699,gene_1700,iSDY_1059.SDY_3968,97
1701,gene_1702,iSDY_1059.SDY_4064,166
1702,gene_1703,iSDY_1059.SDY_4070,134
1703,gene_1704,iSDY_1059.SDY_4080,137
1704,gene_1705,iSDY_1059.SDY_4256,121
1705,gene_1706,iSDY_1059.SDY_4257,412
1707,gene_1708,iSDY_1059.SDY_4276,378
1708,gene_1709,iSDY_1059.SDY_4367,301
1709,gene_1710,iSDY_1059.SDY_4566,161
1710,gene_1711,iSDY_1059.SDY_4633,128
1711,gene_1712,iSDY_1059.SDY_4644,187
1712,gene_1713,iSF_1195.SF0029,319
1713,gene_1714,iSF_1195.SF0056,281
1714,gene_1715,iSF_1195.SF0190,269
1715,gene_1716,iSF_1195.SF0232,240
1716,gene_1717,iSF_1195.SF0285,43
1717,gene_1718,iSF_1195.SF0293,342
1718,gene_1719,iSF_1195.SF0322,183
1720,gene_1721,iSF_1195.SF0419,202
1721,gene_1722,iSF_1195.SF0502,155
1722,gene_1723,iSF_1195.SF0538,71
1723,gene_1724,iSF_1195.SF0547,128
1724,gene_1725,iSF_1195.SF0613,577
1725,gene_1726,iSF_1195.SF0643,65
1726,gene_1727,iSF_1195.SF0731,41
1727,gene_1728,iSF_1195.SF0762,102
1728,gene_1729,iSF_1195.SF0776,79
1729,gene_1730,iSF_1195.SF0809,108
1730,gene_1731,iSF_1195.SF0817,101
1731,gene_1732,iSF_1195.SF0852,248
1732,gene_1733,iSF_1195.SF0898,897
1733,gene_1734,iSF_1195.SF0910,295
1734,gene_1735,iSF_1195.SF1013,70
1735,gene_1736,iSF_1195.SF1097,88
1737,gene_1738,iSF_1195.SF1238,131
1738,gene_1739,iSF_1195.SF1244,256
1739,gene_1740,iSF_1195.SF1247,335
1740,gene_1741,iSF_1195.SF1248,307
1741,gene_1742,iSF_1195.SF1520,153
1742,gene_1743,iSF_1195.SF1572,348
1744,gene_1745,iSF_1195.SF1712,199
1745,gene_1746,iSF_1195.SF1723,111
1747,gene_1748,iSF_1195.SF1814,295
1749,gene_1750,iSF_1195.SF1860,147
1750,gene_1751,iSF_1195.SF1867,78
1751,gene_1752,iSF_1195.SF2059,202
1752,gene_1753,iSF_1195.SF2102,402
1753,gene_1754,iSF_1195.SF2112,171
1755,gene_1756,iSF_1195.SF2219,84
1756,gene_1757,iSF_1195.SF2233,256
1757,gene_1758,iSF_1195.SF2234,513
1758,gene_1759,iSF_1195.SF2235,199
1759,gene_1760,iSF_1195.SF2367,146
1760,gene_1761,iSF_1195.SF2385,73
1762,gene_1763,iSF_1195.SF2466,485
1763,gene_1764,iSF_1195.SF2470,67
1764,gene_1765,iSF_1195.SF2543,336
1765,gene_1766,iSF_1195.SF2577,209
1766,gene_1767,iSF_1195.SF2598,468
1767,gene_1768,iSF_1195.SF2644,77
1768,gene_1769,iSF_1195.SF2653,95
1770,gene_1771,iSF_1195.SF2717,75
1771,gene_1772,iSF_1195.SF2796,147
1772,gene_1773,iSF_1195.SF2813,402
1773,gene_1774,iSF_1195.SF2887,441
1774,gene_1775,iSF_1195.SF2945,148
1775,gene_1776,iSF_1195.SF3047,392
1776,gene_1777,iSF_1195.SF3080,106
1777,gene_1778,iSF_1195.SF3100,67
1778,gene_1779,iSF_1195.SF3129,388
1779,gene_1780,iSF_1195.SF3131,520
1780,gene_1781,iSF_1195.SF3132,458
1781,gene_1782,iSF_1195.SF3175,207
1782,gene_1783,iSF_1195.SF3229,243
1783,gene_1784,iSF_1195.SF3241,140
1784,gene_1785,iSF_1195.SF3261,160
1785,gene_1786,iSF_1195.SF3319,258
1786,gene_1787,iSF_1195.SF3321,216
1788,gene_1789,iSF_1195.SF3402,357
1789,gene_1790,iSF_1195.SF3403,57
1790,gene_1791,iSF_1195.SF3404,177
1791,gene_1792,iSF_1195.SF3422,736
1792,gene_1793,iSF_1195.SF3428,52
1793,gene_1794,iSF_1195.SF3440,620
1794,gene_1795,iSF_1195.SF3455,622
1795,gene_1796,iSF_1195.SF3472,102
1796,gene_1797,iSF_1195.SF3474,173
1797,gene_1798,iSF_1195.SF3487,42
1799,gene_1800,iSF_1195.SF3578,153
1800,gene_1801,iSF_1195.SF3611,304
1801,gene_1802,iSF_1195.SF3615,39
1802,gene_1803,iSF_1195.SF3673,172
1803,gene_1804,iSF_1195.SF3679,124
1804,gene_1805,iSF_1195.SF3688,135
1805,gene_1806,iSF_1195.SF3733,108
1806,gene_1807,iSF_1195.SF3854,97
1807,gene_1808,iSF_1195.SF3863,370
1808,gene_1809,iSF_1195.SF3865,495
1810,gene_1811,iSF_1195.SF3904,67
1811,gene_1812,iSF_1195.SF3911,44
1812,gene_1813,iSF_1195.SF3981,306
1813,gene_1814,iSF_1195.SF4103,239
1814,gene_1815,iSF_1195.SF4170,224
1815,gene_1816,iSF_1195.SF4235,380
1816,gene_1817,iSF_1195.SF4252,413
1817,gene_1818,iSF_1195.SF4253,134
1818,gene_1819,iSF_1195.SF4261,53
1819,gene_1820,iSF_1195.SF4353,303
1820,gene_1821,iSF_1195.SF4405,130
1821,gene_1822,iSF_1195.SF4416,184
1822,gene_1823,iSSON_1240.SSON_0037,318
1823,gene_1824,iSSON_1240.SSON_0067,290
1824,gene_1825,iSSON_1240.SSON_0068,499
1826,gene_1827,iSSON_1240.SSON_0080,260
1827,gene_1828,iSSON_1240.SSON_0186,176
1828,gene_1829,iSSON_1240.SSON_0213,272
1829,gene_1830,iSSON_1240.SSON_0285,342
1831,gene_1832,iSSON_1240.SSON_0362,170
1834,gene_1835,iSSON_1240.SSON_0461,203
1835,gene_1836,iSSON_1240.SSON_0537,203
1836,gene_1837,iSSON_1240.SSON_0539,156
1837,gene_1838,iSSON_1240.SSON_0592,65
1838,gene_1839,iSSON_1240.SSON_0604,271
1839,gene_1840,iSSON_1240.SSON_0634,575
1840,gene_1841,iSSON_1240.SSON_0709,129
1841,gene_1842,iSSON_1240.SSON_0791,113
1842,gene_1843,iSSON_1240.SSON_0808,75
1843,gene_1844,iSSON_1240.SSON_0840,109
1845,gene_1846,iSSON_1240.SSON_0848,101
1846,gene_1847,iSSON_1240.SSON_0894,239
1847,gene_1848,iSSON_1240.SSON_0904,897
1848,gene_1849,iSSON_1240.SSON_0912,160
1849,gene_1850,iSSON_1240.SSON_0916,294
1850,gene_1851,iSSON_1240.SSON_0936,89
1851,gene_1852,iSSON_1240.SSON_1113,88
1853,gene_1854,iSSON_1240.SSON_1144,108
1854,gene_1855,iSSON_1240.SSON_1283,81
1855,gene_1856,iSSON_1240.SSON_1298,154
1856,gene_1857,iSSON_1240.SSON_1447,153
1857,gene_1858,iSSON_1240.SSON_1461,104
1858,gene_1859,iSSON_1240.SSON_1474,200
1859,gene_1860,iSSON_1240.SSON_1476,335
1860,gene_1861,iSSON_1240.SSON_1607,346
1862,gene_1863,iSSON_1240.SSON_1744,290
1863,gene_1864,iSSON_1240.SSON_1842,122
1864,gene_1865,iSSON_1240.SSON_1933,306
1865,gene_1866,iSSON_1240.SSON_1934,333
1866,gene_1867,iSSON_1240.SSON_1937,253
1867,gene_1868,iSSON_1240.SSON_1941,131
1868,gene_1869,iSSON_1240.SSON_2052,206
1871,gene_1872,iSSON_1240.SSON_2191,84
1872,gene_1873,iSSON_1240.SSON_2204,256
1873,gene_1874,iSSON_1240.SSON_2205,513
1874,gene_1875,iSSON_1240.SSON_2206,199
1875,gene_1876,iSSON_1240.SSON_2314,142
1876,gene_1877,iSSON_1240.SSON_2348,139
1877,gene_1878,iSSON_1240.SSON_2367,76
1878,gene_1879,iSSON_1240.SSON_2470,259
1879,gene_1880,iSSON_1240.SSON_2500,488
1880,gene_1881,iSSON_1240.SSON_2504,67
1882,gene_1883,iSSON_1240.SSON_2581,337
1883,gene_1884,iSSON_1240.SSON_2612,214
1884,gene_1885,iSSON_1240.SSON_2634,465
1885,gene_1886,iSSON_1240.SSON_2708,87
1887,gene_1888,iSSON_1240.SSON_2834,58
1888,gene_1889,iSSON_1240.SSON_2894,193
1889,gene_1890,iSSON_1240.SSON_2938,147
1890,gene_1891,iSSON_1240.SSON_2956,404
1891,gene_1892,iSSON_1240.SSON_3108,142
1892,gene_1893,iSSON_1240.SSON_3145,390
1893,gene_1894,iSSON_1240.SSON_3177,110
1894,gene_1895,iSSON_1240.SSON_3196,79
1895,gene_1896,iSSON_1240.SSON_3242,385
1896,gene_1897,iSSON_1240.SSON_3244,520
1897,gene_1898,iSSON_1240.SSON_3245,452
1898,gene_1899,iSSON_1240.SSON_3337,243
1899,gene_1900,iSSON_1240.SSON_3349,137
1901,gene_1902,iSSON_1240.SSON_3428,259
1902,gene_1903,iSSON_1240.SSON_3430,214
1903,gene_1904,iSSON_1240.SSON_3503,78
1904,gene_1905,iSSON_1240.SSON_3515,357
1905,gene_1906,iSSON_1240.SSON_3517,177
1906,gene_1907,iSSON_1240.SSON_3520,189
1907,gene_1908,iSSON_1240.SSON_3534,736
1908,gene_1909,iSSON_1240.SSON_3540,49
1909,gene_1910,iSSON_1240.SSON_3549,622
1910,gene_1911,iSSON_1240.SSON_3672,622
1911,gene_1912,iSSON_1240.SSON_3692,102
1912,gene_1913,iSSON_1240.SSON_3694,176
1914,gene_1915,iSSON_1240.SSON_3707,42
1915,gene_1916,iSSON_1240.SSON_3738,40
1916,gene_1917,iSSON_1240.SSON_3757,133
1917,gene_1918,iSSON_1240.SSON_3766,134
1918,gene_1919,iSSON_1240.SSON_3773,172
1919,gene_1920,iSSON_1240.SSON_3782,105
1920,gene_1921,iSSON_1240.SSON_3793,525
1921,gene_1922,iSSON_1240.SSON_3847,161
1922,gene_1923,iSSON_1240.SSON_3912,108
1923,gene_1924,iSSON_1240.SSON_3952,94
1924,gene_1925,iSSON_1240.SSON_3961,367
1926,gene_1927,iSSON_1240.SSON_3967,86
1928,gene_1929,iSSON_1240.SSON_4074,350
1929,gene_1930,iSSON_1240.SSON_4095,634
1930,gene_1931,iSSON_1240.SSON_4380,300
1931,gene_1932,iSSON_1240.SSON_4411,51
1932,gene_1933,iSSON_1240.SSON_4418,123
1933,gene_1934,iSSON_1240.SSON_4419,413
1934,gene_1935,iSSON_1240.SSON_4420,593
1936,gene_1937,iSSON_1240.SSON_4436,380
1937,gene_1938,iSSON_1240.SSON_4451,221
1938,gene_1939,iSSON_1240.SSON_4524,132
1939,gene_1940,iSSON_1240.SSON_4535,184
1941,gene_1942,iSbBS512_1146.SbBS512_E0036,322
1942,gene_1943,iSbBS512_1146.SbBS512_E0053,290
1943,gene_1944,iSbBS512_1146.SbBS512_E0054,494
1944,gene_1945,iSbBS512_1146.SbBS512_E0058,105
1945,gene_1946,iSbBS512_1146.SbBS512_E0143,138
1946,gene_1947,iSbBS512_1146.SbBS512_E0167,176
1947,gene_1948,iSbBS512_1146.SbBS512_E0193,275
1948,gene_1949,iSbBS512_1146.SbBS512_E0240,338
1949,gene_1950,iSbBS512_1146.SbBS512_E0298,241
1950,gene_1951,iSbBS512_1146.SbBS512_E0303,170
1951,gene_1952,iSbBS512_1146.SbBS512_E0406,202
1952,gene_1953,iSbBS512_1146.SbBS512_E0570,575
1953,gene_1954,iSbBS512_1146.SbBS512_E0599,270
1954,gene_1955,iSbBS512_1146.SbBS512_E0678,129
1955,gene_1956,iSbBS512_1146.SbBS512_E0687,70
1956,gene_1957,iSbBS512_1146.SbBS512_E0816,197
1957,gene_1958,iSbBS512_1146.SbBS512_E0823,256
1958,gene_1959,iSbBS512_1146.SbBS512_E0838,83
1960,gene_1961,iSbBS512_1146.SbBS512_E0954,81
1961,gene_1962,iSbBS512_1146.SbBS512_E0967,205
1962,gene_1963,iSbBS512_1146.SbBS512_E1183,172
1963,gene_1964,iSbBS512_1146.SbBS512_E1194,400
1965,gene_1966,iSbBS512_1146.SbBS512_E1304,108
1966,gene_1967,iSbBS512_1146.SbBS512_E1403,134
1967,gene_1968,iSbBS512_1146.SbBS512_E1412,255
1968,gene_1969,iSbBS512_1146.SbBS512_E1415,333
1970,gene_1971,iSbBS512_1146.SbBS512_E1618,290
1972,gene_1973,iSbBS512_1146.SbBS512_E1881,328
1973,gene_1974,iSbBS512_1146.SbBS512_E1896,104
1974,gene_1975,iSbBS512_1146.SbBS512_E2125,147
1975,gene_1976,iSbBS512_1146.SbBS512_E2231,88
1977,gene_1978,iSbBS512_1146.SbBS512_E2410,295
1978,gene_1979,iSbBS512_1146.SbBS512_E2418,161
1979,gene_1980,iSbBS512_1146.SbBS512_E2425,895
1980,gene_1981,iSbBS512_1146.SbBS512_E2435,248
1981,gene_1982,iSbBS512_1146.SbBS512_E2468,101
1983,gene_1984,iSbBS512_1146.SbBS512_E2476,109
1984,gene_1985,iSbBS512_1146.SbBS512_E2506,88
1985,gene_1986,iSbBS512_1146.SbBS512_E2522,79
1986,gene_1987,iSbBS512_1146.SbBS512_E2537,100
1987,gene_1988,iSbBS512_1146.SbBS512_E2571,41
1988,gene_1989,iSbBS512_1146.SbBS512_E2667,135
1989,gene_1990,iSbBS512_1146.SbBS512_E2687,74
1990,gene_1991,iSbBS512_1146.SbBS512_E2765,67
1991,gene_1992,iSbBS512_1146.SbBS512_E2873,337
1992,gene_1993,iSbBS512_1146.SbBS512_E2905,209
1993,gene_1994,iSbBS512_1146.SbBS512_E2916,468
1994,gene_1995,iSbBS512_1146.SbBS512_E2954,87
1995,gene_1996,iSbBS512_1146.SbBS512_E3004,130
1996,gene_1997,iSbBS512_1146.SbBS512_E3092,147
1997,gene_1998,iSbBS512_1146.SbBS512_E3186,57
1998,gene_1999,iSbBS512_1146.SbBS512_E3322,435
1999,gene_2000,iSbBS512_1146.SbBS512_E3386,148
2000,gene_2001,iSbBS512_1146.SbBS512_E3430,390
2001,gene_2002,iSbBS512_1146.SbBS512_E3472,105
2002,gene_2003,iSbBS512_1146.SbBS512_E3490,79
2003,gene_2004,iSbBS512_1146.SbBS512_E3525,385
2004,gene_2005,iSbBS512_1146.SbBS512_E3527,521
2005,gene_2006,iSbBS512_1146.SbBS512_E3528,457
2007,gene_2008,iSbBS512_1146.SbBS512_E3569,140
2008,gene_2009,iSbBS512_1146.SbBS512_E3581,243
2009,gene_2010,iSbBS512_1146.SbBS512_E3672,255
2010,gene_2011,iSbBS512_1146.SbBS512_E3674,216
2012,gene_2013,iSbBS512_1146.SbBS512_E3757,153
2013,gene_2014,iSbBS512_1146.SbBS512_E3761,356
2014,gene_2015,iSbBS512_1146.SbBS512_E3763,177
2015,gene_2016,iSbBS512_1146.SbBS512_E3766,189
2016,gene_2017,iSbBS512_1146.SbBS512_E3782,736
2017,gene_2018,iSbBS512_1146.SbBS512_E3790,52
2018,gene_2019,iSbBS512_1146.SbBS512_E3798,623
2020,gene_2021,iSbBS512_1146.SbBS512_E3853,42
2021,gene_2022,iSbBS512_1146.SbBS512_E3865,212
2022,gene_2023,iSbBS512_1146.SbBS512_E3866,177
2023,gene_2024,iSbBS512_1146.SbBS512_E3868,101
2025,gene_2026,iSbBS512_1146.SbBS512_E3892,619
2026,gene_2027,iSbBS512_1146.SbBS512_E3955,305
2028,gene_2029,iSbBS512_1146.SbBS512_E4050,105
2029,gene_2030,iSbBS512_1146.SbBS512_E4059,172
2030,gene_2031,iSbBS512_1146.SbBS512_E4065,134
2031,gene_2032,iSbBS512_1146.SbBS512_E4099,133
2032,gene_2033,iSbBS512_1146.SbBS512_E4130,493
2033,gene_2034,iSbBS512_1146.SbBS512_E4132,369
2034,gene_2035,iSbBS512_1146.SbBS512_E4140,94
2035,gene_2036,iSbBS512_1146.SbBS512_E4293,67
2036,gene_2037,iSbBS512_1146.SbBS512_E4305,44
2037,gene_2038,iSbBS512_1146.SbBS512_E4408,636
2038,gene_2039,iSbBS512_1146.SbBS512_E4708,305
2039,gene_2040,iSbBS512_1146.SbBS512_E4728,299
2040,gene_2041,iSbBS512_1146.SbBS512_E4829,376
2042,gene_2043,iSbBS512_1146.SbBS512_E4844,593
2043,gene_2044,iSbBS512_1146.SbBS512_E4846,413
2044,gene_2045,iSbBS512_1146.SbBS512_E4847,134
2045,gene_2046,iSbBS512_1146.SbBS512_E4854,52
2046,gene_2047,iSbBS512_1146.SbBS512_E4917,129
2047,gene_2048,iSbBS512_1146.SbBS512_E4931,184
2051,gene_2052,iSynCJ816.SGL_RS02095,81
2052,gene_2053,iSynCJ816.SGL_RS02240,143
2053,gene_2054,iSynCJ816.SGL_RS02245,68
2054,gene_2055,iSynCJ816.SGL_RS02445,204
2055,gene_2056,iSynCJ816.SGL_RS02635,44
2056,gene_2057,iSynCJ816.SGL_RS02695,68
2057,gene_2058,iSynCJ816.SGL_RS02895,490
2058,gene_2059,iSynCJ816.SGL_RS02940,45
2059,gene_2060,iSynCJ816.SGL_RS02955,157
2060,gene_2061,iSynCJ816.SGL_RS03010,443
2061,gene_2062,iSynCJ816.SGL_RS03255,240
2062,gene_2063,iSynCJ816.SGL_RS03410,271
2063,gene_2064,iSynCJ816.SGL_RS04160,1533
2064,gene_2065,iSynCJ816.SGL_RS04690,503
2065,gene_2066,iSynCJ816.SGL_RS04935,34
2066,gene_2067,iSynCJ816.SGL_RS05125,42
2067,gene_2068,iSynCJ816.SGL_RS06105,247
2068,gene_2069,iSynCJ816.SGL_RS06580,107
2069,gene_2070,iSynCJ816.SGL_RS06895,647
2070,gene_2071,iSynCJ816.SGL_RS07090,133
2071,gene_2072,iSynCJ816.SGL_RS07100,681
2073,gene_2074,iSynCJ816.SGL_RS07575,261
2074,gene_2075,iSynCJ816.SGL_RS07670,153
2075,gene_2076,iSynCJ816.SGL_RS08250,288
2076,gene_2077,iSynCJ816.SGL_RS09225,105
2077,gene_2078,iSynCJ816.SGL_RS09315,276
2078,gene_2079,iSynCJ816.SGL_RS09375,387
2079,gene_2080,iSynCJ816.SGL_RS09600,187
2080,gene_2081,iSynCJ816.SGL_RS09640,94
2081,gene_2082,iSynCJ816.SGL_RS10250,249
2082,gene_2083,iSynCJ816.SGL_RS10355,221
2083,gene_2084,iSynCJ816.SGL_RS10925,556
2084,gene_2085,iSynCJ816.SGL_RS10930,817
2085,gene_2086,iSynCJ816.SGL_RS11220,84
2086,gene_2087,iSynCJ816.SGL_RS11365,64
2087,gene_2088,iSynCJ816.SGL_RS11390,51
2088,gene_2089,iSynCJ816.SGL_RS11925,617
2089,gene_2090,iSynCJ816.SGL_RS12175,238
2090,gene_2091,iSynCJ816.SGL_RS12820,675
2092,gene_2093,iSynCJ816.SGL_RS12975,77
2093,gene_2094,iSynCJ816.SGL_RS13005,220
2094,gene_2095,iSynCJ816.SGL_RS13365,52
2095,gene_2096,iSynCJ816.SGL_RS13380,305
2096,gene_2097,iSynCJ816.SGL_RS13460,241
2097,gene_2098,iSynCJ816.SGL_RS13490,53
2099,gene_2100,iSynCJ816.SGL_RS13580,390
2100,gene_2101,iSynCJ816.SGL_RS13900,69
2101,gene_2102,iSynCJ816.SGL_RS14120,234
2102,gene_2103,iSynCJ816.SGL_RS14665,160
2103,gene_2104,iSynCJ816.SGL_RS14865,209
2104,gene_2105,iSynCJ816.SGL_RS14930,211
2105,gene_2106,iSynCJ816.SGL_RS14955,150
2107,gene_2108,iSynCJ816.SGL_RS15225,174
2108,gene_2109,iSynCJ816.SGL_RS15265,348
2109,gene_2110,iSynCJ816.SGL_RS15455,392
2110,gene_2111,iSynCJ816.SGL_RS15845,403
2111,gene_2112,iSynCJ816.SGL_RS16015,194
2112,gene_2113,iSynCJ816.SGL_RS16080,46
2113,gene_2114,iSynCJ816.SGL_RS16100,568
2114,gene_2115,iSynCJ816.SGL_RS16580,104
2115,gene_2116,iSynCJ816.SGL_RS16645,74
2116,gene_2117,iSynCJ816.SGL_RS16700,196
2117,gene_2118,iSynCJ816.SGL_RS17160,119
2118,gene_2119,iSynCJ816.SGL_RS17200,385
2119,gene_2120,iSynCJ816.SGL_RS17215,385
2120,gene_2121,iSynCJ816.SGL_RS17225,204
2121,gene_2122,iSynCJ816.SGL_RS17290,56
2122,gene_2123,iSynCJ816.SGL_RS17305,171
2123,gene_2124,iSynCJ816.SGL_RS17385,294
2124,gene_2125,iSynCJ816.SGL_RS17390,329
2125,gene_2126,iSynCJ816.SGL_RS17400,87
2126,gene_2127,iSynCJ816.SGL_RS17635,366
2127,gene_2128,iSynCJ816.SGL_RS17655,40
2128,gene_2129,iSynCJ816.SGL_RS17890,191
2129,gene_2130,iYL1228.KPN_00030,379
2130,gene_2131,iYL1228.KPN_00031,462
2132,gene_2133,iYL1228.KPN_00040,328
2133,gene_2134,iYL1228.KPN_00060,301
2134,gene_2135,iYL1228.KPN_00061,509
2135,gene_2136,iYL1228.KPN_00073,112
2136,gene_2137,iYL1228.KPN_00090,230
2137,gene_2138,iYL1228.KPN_00166,150
2138,gene_2139,iYL1228.KPN_00213,271
2139,gene_2140,iYL1228.KPN_00243,51
2141,gene_2142,iYL1228.KPN_00323,246
2142,gene_2143,iYL1228.KPN_00329,176
2144,gene_2145,iYL1228.KPN_00372,415
2145,gene_2146,iYL1228.KPN_00456,202
2146,gene_2147,iYL1228.KPN_00514,355
2147,gene_2148,iYL1228.KPN_00605,214
2149,gene_2150,iYL1228.KPN_00671,80
2150,gene_2151,iYL1228.KPN_00701,574
2151,gene_2152,iYL1228.KPN_00771,128
2152,gene_2153,iYL1228.KPN_00852,449
2153,gene_2154,iYL1228.KPN_00856,74
2154,gene_2155,iYL1228.KPN_00871,85
2155,gene_2156,iYL1228.KPN_00886,123
2156,gene_2157,iYL1228.KPN_00893,109
2157,gene_2158,iYL1228.KPN_00896,121
2158,gene_2159,iYL1228.KPN_00918,175
2159,gene_2160,iYL1228.KPN_00925,244
2160,gene_2161,iYL1228.KPN_00931,896
2161,gene_2162,iYL1228.KPN_00937,164
2162,gene_2163,iYL1228.KPN_00941,297
2163,gene_2164,iYL1228.KPN_00969,91
2164,gene_2165,iYL1228.KPN_01091,93
2166,gene_2167,iYL1228.KPN_01449,303
2168,gene_2169,iYL1228.KPN_01640,335
2169,gene_2170,iYL1228.KPN_01866,40
2170,gene_2171,iYL1228.KPN_02169,143
2171,gene_2172,iYL1228.KPN_02193,307
2172,gene_2173,iYL1228.KPN_02194,327
2173,gene_2174,iYL1228.KPN_02197,254
2174,gene_2175,iYL1228.KPN_02365,154
2175,gene_2176,iYL1228.KPN_02373,79
2176,gene_2177,iYL1228.KPN_02490,389
2177,gene_2178,iYL1228.KPN_02493,508
2178,gene_2179,iYL1228.KPN_02496,389
2179,gene_2180,iYL1228.KPN_02586,256
2180,gene_2181,iYL1228.KPN_02587,506
2181,gene_2182,iYL1228.KPN_02588,194
2182,gene_2183,iYL1228.KPN_02681,139
2183,gene_2184,iYL1228.KPN_02699,77
2184,gene_2185,iYL1228.KPN_02741,388
2185,gene_2186,iYL1228.KPN_02758,487
2186,gene_2187,iYL1228.KPN_02762,66
2187,gene_2188,iYL1228.KPN_02824,340
2188,gene_2189,iYL1228.KPN_02862,216
2189,gene_2190,iYL1228.KPN_02876,468
2192,gene_2193,iYL1228.KPN_03016,481
2193,gene_2194,iYL1228.KPN_03021,62
2194,gene_2195,iYL1228.KPN_03108,193
2195,gene_2196,iYL1228.KPN_03125,148
2196,gene_2197,iYL1228.KPN_03150,389
2197,gene_2198,iYL1228.KPN_03182,200
2198,gene_2199,iYL1228.KPN_03183,69
2199,gene_2200,iYL1228.KPN_03184,457
2200,gene_2201,iYL1228.KPN_03190,154
2201,gene_2202,iYL1228.KPN_03191,100
2202,gene_2203,iYL1228.KPN_03192,224
2203,gene_2204,iYL1228.KPN_03193,124
2204,gene_2205,iYL1228.KPN_03197,194
2206,gene_2207,iYL1228.KPN_03388,142
2207,gene_2208,iYL1228.KPN_03453,89
2208,gene_2209,iYL1228.KPN_03517,391
2209,gene_2210,iYL1228.KPN_03519,526
2210,gene_2211,iYL1228.KPN_03520,449
2211,gene_2212,iYL1228.KPN_03599,229
2212,gene_2213,iYL1228.KPN_03639,301
2213,gene_2214,iYL1228.KPN_03688,246
2214,gene_2215,iYL1228.KPN_03690,213
2215,gene_2216,iYL1228.KPN_03755,361
2216,gene_2217,iYL1228.KPN_03757,173
2217,gene_2218,iYL1228.KPN_03760,192
2218,gene_2219,iYL1228.KPN_03773,736
2219,gene_2220,iYL1228.KPN_03779,50
2220,gene_2221,iYL1228.KPN_03787,630
2221,gene_2222,iYL1228.KPN_03794,614
2222,gene_2223,iYL1228.KPN_03798,623
2224,gene_2225,iYL1228.KPN_03816,251
2225,gene_2226,iYL1228.KPN_03817,239
2226,gene_2227,iYL1228.KPN_03818,179
2227,gene_2228,iYL1228.KPN_03819,212
2228,gene_2229,iYL1228.KPN_03835,46
2229,gene_2230,iYL1228.KPN_03846,119
2230,gene_2231,iYL1228.KPN_03898,159
2231,gene_2232,iYL1228.KPN_03931,307
2232,gene_2233,iYL1228.KPN_03935,40
2233,gene_2234,iYL1228.KPN_03974,166
2234,gene_2235,iYL1228.KPN_03980,128
2235,gene_2236,iYL1228.KPN_03996,139
2236,gene_2237,iYL1228.KPN_04011,633
2237,gene_2238,iYL1228.KPN_04153,40
2238,gene_2239,iYL1228.KPN_04154,301
2239,gene_2240,iYL1228.KPN_04156,57
2240,gene_2241,iYL1228.KPN_04213,358
2241,gene_2242,iYL1228.KPN_04282,95
2242,gene_2243,iYL1228.KPN_04291,469
2243,gene_2244,iYL1228.KPN_04329,48
2244,gene_2245,iYL1228.KPN_04591,296
2245,gene_2246,iYL1228.KPN_04624,48
2246,gene_2247,iYL1228.KPN_04645,119
2247,gene_2248,iYL1228.KPN_04646,413
2248,gene_2249,iYL1228.KPN_04659,372
2249,gene_2250,iYL1228.KPN_04830,123
2250,gene_2251,iYO844.BSU00180,155
2251,gene_2252,iYO844.BSU00270,174
2252,gene_2253,iYO844.BSU00460,169
2253,gene_2254,iYO844.BSU00680,197
2254,gene_2255,iYO844.BSU00730,147
2255,gene_2256,iYO844.BSU00920,163
2256,gene_2257,iYO844.BSU01370,218
2257,gene_2258,iYO844.BSU01770,396
2258,gene_2259,iYO844.BSU02350,109
2259,gene_2260,iYO844.BSU02360,246
2260,gene_2261,iYO844.BSU02390,397
2261,gene_2262,iYO844.BSU02750,135
2262,gene_2263,iYO844.BSU03590,252
2263,gene_2264,iYO844.BSU03600,157
2264,gene_2265,iYO844.BSU03610,187
2265,gene_2266,iYO844.BSU03860,97
2266,gene_2267,iYO844.BSU04560,238
2267,gene_2268,iYO844.BSU04570,258
2268,gene_2269,iYO844.BSU04620,57
2269,gene_2270,iYO844.BSU06160,128
2270,gene_2271,iYO844.BSU06420,136
2271,gene_2272,iYO844.BSU06450,234
2272,gene_2273,iYO844.BSU06490,430
2273,gene_2274,iYO844.BSU06500,346
2274,gene_2275,iYO844.BSU06970,189
2275,gene_2276,iYO844.BSU06980,334
2276,gene_2277,iYO844.BSU06990,192
2277,gene_2278,iYO844.BSU07490,166
2278,gene_2279,iYO844.BSU07810,593
2279,gene_2280,iYO844.BSU09240,90
2280,gene_2281,iYO844.BSU09290,635
2281,gene_2282,iYO844.BSU09310,439
2282,gene_2283,iYO844.BSU09530,81
2283,gene_2284,iYO844.BSU09840,286
2284,gene_2285,iYO844.BSU10790,585
2285,gene_2286,iYO844.BSU11340,438
2286,gene_2287,iYO844.BSU12020,213
2287,gene_2288,iYO844.BSU12300,473
2289,gene_2290,iYO844.BSU12340,408
2290,gene_2291,iYO844.BSU12380,355
2291,gene_2292,iYO844.BSU12390,495
2292,gene_2293,iYO844.BSU12930,256
2293,gene_2294,iYO844.BSU12940,215
2294,gene_2295,iYO844.BSU12950,341
2296,gene_2297,iYO844.BSU13900,65
2297,gene_2298,iYO844.BSU13910,430
2298,gene_2299,iYO844.BSU14510,150
2299,gene_2300,iYO844.BSU14630,170
2300,gene_2301,iYO844.BSU15020,159
2301,gene_2302,iYO844.BSU15180,251
2302,gene_2303,iYO844.BSU15190,216
2303,gene_2304,iYO844.BSU15220,230
2304,gene_2305,iYO844.BSU15510,300
2305,gene_2306,iYO844.BSU15520,1100
2306,gene_2307,iYO844.BSU15720,117
2307,gene_2308,iYO844.BSU15730,245
2308,gene_2309,iYO844.BSU15790,176
2309,gene_2310,iYO844.BSU15850,163
2310,gene_2311,iYO844.BSU15860,216
2311,gene_2312,iYO844.BSU15910,236
2312,gene_2313,iYO844.BSU16530,180
2313,gene_2314,iYO844.BSU16540,119
2314,gene_2315,iYO844.BSU16550,315
2316,gene_2317,iYO844.BSU16730,108
2317,gene_2318,iYO844.BSU16740,147
2318,gene_2319,iYO844.BSU16920,121
2319,gene_2320,iYO844.BSU17460,364
2320,gene_2321,iYO844.BSU18440,473
2321,gene_2322,iYO844.BSU18450,1430
2322,gene_2323,iYO844.BSU19630,183
2323,gene_2324,iYO844.BSU22440,95
2324,gene_2325,iYO844.BSU22480,139
2325,gene_2326,iYO844.BSU22750,61
2326,gene_2327,iYO844.BSU22830,278
2327,gene_2328,iYO844.BSU22890,172
2328,gene_2329,iYO844.BSU23490,281
2329,gene_2330,iYO844.BSU23500,355
2330,gene_2331,iYO844.BSU23580,251
2331,gene_2332,iYO844.BSU23610,120
2332,gene_2333,iYO844.BSU23920,140
2333,gene_2334,iYO844.BSU23960,292
2334,gene_2335,iYO844.BSU23980,104
2335,gene_2336,iYO844.BSU24070,414
2336,gene_2337,iYO844.BSU24160,241
2337,gene_2338,iYO844.BSU24310,296
2339,gene_2340,iYO844.BSU24950,343
2340,gene_2341,iYO844.BSU25310,74
2341,gene_2342,iYO844.BSU25640,83
2342,gene_2343,iYO844.BSU25790,138
2343,gene_2344,iYO844.BSU27330,228
2344,gene_2345,iYO844.BSU27430,284
2345,gene_2346,iYO844.BSU27600,527
2346,gene_2347,iYO844.BSU27910,73
2348,gene_2349,iYO844.BSU28430,129
2349,gene_2350,iYO844.BSU28470,365
2351,gene_2352,iYO844.BSU28730,160
2352,gene_2353,iYO844.BSU28740,158
2353,gene_2354,iYO844.BSU28780,277
2354,gene_2355,iYO844.BSU28800,508
2355,gene_2356,iYO844.BSU29180,543
2356,gene_2357,iYO844.BSU29190,338
2357,gene_2358,iYO844.BSU29200,300
2358,gene_2359,iYO844.BSU29220,441
2359,gene_2360,iYO844.BSU29340,255
2360,gene_2361,iYO844.BSU29440,451
2361,gene_2362,iYO844.BSU30280,149
2362,gene_2363,iYO844.BSU30290,124
2363,gene_2364,iYO844.BSU30410,103
2364,gene_2365,iYO844.BSU30420,193
2365,gene_2366,iYO844.BSU30450,100
2366,gene_2367,iYO844.BSU30550,518
2367,gene_2368,iYO844.BSU30870,65
2368,gene_2369,iYO844.BSU30940,616
2369,gene_2370,iYO844.BSU30950,409
2370,gene_2371,iYO844.BSU30960,200
2371,gene_2372,iYO844.BSU30970,411
2372,gene_2373,iYO844.BSU30980,629
2373,gene_2374,iYO844.BSU31200,307
2374,gene_2375,iYO844.BSU31350,506
2375,gene_2376,iYO844.BSU31400,412
2376,gene_2377,iYO844.BSU32260,229
2377,gene_2378,iYO844.BSU32750,268
2378,gene_2379,iYO844.BSU33290,157
2379,gene_2380,iYO844.BSU33370,39
2380,gene_2381,iYO844.BSU33490,591
2381,gene_2382,iYO844.BSU33730,102
2382,gene_2383,iYO844.BSU33900,513
2383,gene_2384,iYO844.BSU33910,528
2384,gene_2385,iYO844.BSU33920,258
2385,gene_2386,iYO844.BSU34130,548
2386,gene_2387,iYO844.BSU34140,109
2387,gene_2388,iYO844.BSU34150,89
2388,gene_2389,iYO844.BSU34160,137
2389,gene_2390,iYO844.BSU34550,160
2390,gene_2391,iYO844.BSU34560,574
2391,gene_2392,iYO844.BSU34570,244
2392,gene_2393,iYO844.BSU34790,156
2393,gene_2394,iYO844.BSU34860,192
2394,gene_2395,iYO844.BSU34870,250
2395,gene_2396,iYO844.BSU34910,421
2396,gene_2397,iYO844.BSU34920,192
2397,gene_2398,iYO844.BSU35550,80
2399,gene_2400,iYO844.BSU35660,476
2400,gene_2401,iYO844.BSU35680,82
2401,gene_2402,iYO844.BSU35690,80
2402,gene_2403,iYO844.BSU35700,202
2403,gene_2404,iYO844.BSU35710,63
2404,gene_2405,iYO844.BSU35730,58
2405,gene_2406,iYO844.BSU35750,110
2407,gene_2408,iYO844.BSU35930,44
2408,gene_2409,iYO844.BSU35940,330
2409,gene_2410,iYO844.BSU36760,231
2410,gene_2411,iYO844.BSU36810,641
2411,gene_2412,iYO844.BSU36830,632
2412,gene_2413,iYO844.BSU36890,298
2413,gene_2414,iYO844.BSU36900,475
2415,gene_2416,iYO844.BSU37150,645
2416,gene_2417,iYO844.BSU37490,246
2417,gene_2418,iYO844.BSU37660,332
2418,gene_2419,iYO844.BSU37710,50
2420,gene_2421,iYO844.BSU38050,363
2421,gene_2422,iYO844.BSU38110,109
2422,gene_2423,iYO844.BSU38190,453
2423,gene_2424,iYO844.BSU38300,150
2424,gene_2425,iYO844.BSU38550,400
2425,gene_2426,iYO844.BSU38860,449
2427,gene_2428,iYO844.BSU39270,120
2428,gene_2429,iYO844.BSU39400,415
2429,gene_2430,iYO844.BSU39540,187
2430,gene_2431,iYO844.BSU40420,327
2431,gene_2432,iYS854.USA300HOU_RS00045,263
2432,gene_2433,iYS854.USA300HOU_RS00310,372
2433,gene_2434,iYS854.USA300HOU_RS00720,180
2434,gene_2435,iYS854.USA300HOU_RS00735,356
2435,gene_2436,iYS854.USA300HOU_RS01090,399
2436,gene_2437,iYS854.USA300HOU_RS01105,109
2437,gene_2438,iYS854.USA300HOU_RS01150,954
2438,gene_2439,iYS854.USA300HOU_RS01340,82
2439,gene_2440,iYS854.USA300HOU_RS01445,61
2440,gene_2441,iYS854.USA300HOU_RS01685,92
2441,gene_2442,iYS854.USA300HOU_RS01730,229
2443,gene_2444,iYS854.USA300HOU_RS02055,182
2444,gene_2445,iYS854.USA300HOU_RS02070,577
2445,gene_2446,iYS854.USA300HOU_RS02325,158
2446,gene_2447,iYS854.USA300HOU_RS02330,166
2447,gene_2448,iYS854.USA300HOU_RS02395,552
2448,gene_2449,iYS854.USA300HOU_RS02530,155
2449,gene_2450,iYS854.USA300HOU_RS02555,155
2450,gene_2451,iYS854.USA300HOU_RS02560,84
2451,gene_2452,iYS854.USA300HOU_RS02615,199
2452,gene_2453,iYS854.USA300HOU_RS02655,531
2453,gene_2454,iYS854.USA300HOU_RS02910,372
2454,gene_2455,iYS854.USA300HOU_RS03230,405
2456,gene_2457,iYS854.USA300HOU_RS03450,166
2457,gene_2458,iYS854.USA300HOU_RS03455,78
2459,gene_2460,iYS854.USA300HOU_RS03790,229
2460,gene_2461,iYS854.USA300HOU_RS03900,112
2462,gene_2463,iYS854.USA300HOU_RS03995,211
2463,gene_2464,iYS854.USA300HOU_RS04050,107
2464,gene_2465,iYS854.USA300HOU_RS04115,248
2465,gene_2466,iYS854.USA300HOU_RS04135,149
2466,gene_2467,iYS854.USA300HOU_RS04185,405
2467,gene_2468,iYS854.USA300HOU_RS04405,269
2468,gene_2469,iYS854.USA300HOU_RS04515,213
2469,gene_2470,iYS854.USA300HOU_RS04520,100
2470,gene_2471,iYS854.USA300HOU_RS04525,362
2471,gene_2472,iYS854.USA300HOU_RS04530,111
2472,gene_2473,iYS854.USA300HOU_RS04535,467
2473,gene_2474,iYS854.USA300HOU_RS04775,473
2474,gene_2475,iYS854.USA300HOU_RS04890,232
2475,gene_2476,iYS854.USA300HOU_RS04895,214
2476,gene_2477,iYS854.USA300HOU_RS04900,315
2477,gene_2478,iYS854.USA300HOU_RS04905,318
2478,gene_2479,iYS854.USA300HOU_RS04930,162
2479,gene_2480,iYS854.USA300HOU_RS05150,84
2480,gene_2481,iYS854.USA300HOU_RS05255,106
2481,gene_2482,iYS854.USA300HOU_RS05335,342
2482,gene_2483,iYS854.USA300HOU_RS05395,65
2483,gene_2484,iYS854.USA300HOU_RS05400,416
2484,gene_2485,iYS854.USA300HOU_RS05420,161
2485,gene_2486,iYS854.USA300HOU_RS05485,111
2486,gene_2487,iYS854.USA300HOU_RS05690,347
2487,gene_2488,iYS854.USA300HOU_RS05695,419
2491,gene_2492,iYS854.USA300HOU_RS05860,362
2492,gene_2493,iYS854.USA300HOU_RS05940,210
2493,gene_2494,iYS854.USA300HOU_RS05995,850
2494,gene_2495,iYS854.USA300HOU_RS06015,147
2495,gene_2496,iYS854.USA300HOU_RS06040,306
2496,gene_2497,iYS854.USA300HOU_RS06045,1102
2497,gene_2498,iYS854.USA300HOU_RS06125,131
2498,gene_2499,iYS854.USA300HOU_RS06130,236
2499,gene_2500,iYS854.USA300HOU_RS06135,155
2500,gene_2501,iYS854.USA300HOU_RS06140,175
2501,gene_2502,iYS854.USA300HOU_RS06160,360
2502,gene_2503,iYS854.USA300HOU_RS06175,249
2503,gene_2504,iYS854.USA300HOU_RS06185,169
2504,gene_2505,iYS854.USA300HOU_RS06195,73
2506,gene_2507,iYS854.USA300HOU_RS06405,182
2507,gene_2508,iYS854.USA300HOU_RS06465,133
2508,gene_2509,iYS854.USA300HOU_RS06545,629
2509,gene_2510,iYS854.USA300HOU_RS06590,359
2510,gene_2511,iYS854.USA300HOU_RS06690,313
2512,gene_2513,iYS854.USA300HOU_RS07055,339
2514,gene_2515,iYS854.USA300HOU_RS07285,107
2516,gene_2517,iYS854.USA300HOU_RS07595,236
2517,gene_2518,iYS854.USA300HOU_RS07985,164
2518,gene_2519,iYS854.USA300HOU_RS08015,122
2519,gene_2520,iYS854.USA300HOU_RS08055,591
2520,gene_2521,iYS854.USA300HOU_RS08170,158
2521,gene_2522,iYS854.USA300HOU_RS08350,556
2522,gene_2523,iYS854.USA300HOU_RS08580,220
2523,gene_2524,iYS854.USA300HOU_RS08635,218
2524,gene_2525,iYS854.USA300HOU_RS08720,370
2525,gene_2526,iYS854.USA300HOU_RS08725,375
2526,gene_2527,iYS854.USA300HOU_RS08915,603
2527,gene_2528,iYS854.USA300HOU_RS09020,260
2528,gene_2529,iYS854.USA300HOU_RS09025,429
2529,gene_2530,iYS854.USA300HOU_RS09100,205
2530,gene_2531,iYS854.USA300HOU_RS09175,316
2531,gene_2532,iYS854.USA300HOU_RS09310,147
2532,gene_2533,iYS854.USA300HOU_RS09335,825
2533,gene_2534,iYS854.USA300HOU_RS09495,493
2534,gene_2535,iYS854.USA300HOU_RS09925,284
2535,gene_2536,iYS854.USA300HOU_RS09930,150
2536,gene_2537,iYS854.USA300HOU_RS10340,541
2537,gene_2538,iYS854.USA300HOU_RS11240,236
2538,gene_2539,iYS854.USA300HOU_RS11340,218
2539,gene_2540,iYS854.USA300HOU_RS11370,605
2540,gene_2541,iYS854.USA300HOU_RS11405,299
2541,gene_2542,iYS854.USA300HOU_RS11410,470
2542,gene_2543,iYS854.USA300HOU_RS11480,653
2543,gene_2544,iYS854.USA300HOU_RS11530,416
2544,gene_2545,iYS854.USA300HOU_RS11545,192
2545,gene_2546,iYS854.USA300HOU_RS11655,364
2547,gene_2548,iYS854.USA300HOU_RS12070,213
2548,gene_2549,iYS854.USA300HOU_RS12505,61
2550,gene_2551,iYS854.USA300HOU_RS13045,150
2551,gene_2552,iYS854.USA300HOU_RS13590,165
2552,gene_2553,iYS854.USA300HOU_RS13725,189
2555,gene_2556,iYS854.USA300HOU_RS14360,81
2556,gene_2557,iYS854.USA300HOU_RS14480,73
2557,gene_2558,iYS854.USA300HOU_RS14565,216
2558,gene_2559,iYS854.USA300HOU_RS14570,554
