,query_gene,BiGG_gene,score
0,gene_0,STM_v1_0.STM0047,59
1,gene_1,STM_v1_0.STM0054,350
2,gene_2,STM_v1_0.STM0055,436
3,gene_3,STM_v1_0.STM0071,187
4,gene_4,STM_v1_0.STM0101,278
5,gene_5,STM_v1_0.STM0102,508
7,gene_7,STM_v1_0.STM0170,172
8,gene_8,STM_v1_0.STM0202,473
9,gene_9,STM_v1_0.STM0247,281
10,gene_10,STM_v1_0.STM0316,42
11,gene_11,STM_v1_0.STM0386,273
12,gene_12,STM_v1_0.STM0401,253
13,gene_13,STM_v1_0.STM0431,313
15,gene_15,STM_v1_0.STM0527,234
16,gene_16,STM_v1_0.STM0588,187
17,gene_17,STM_v1_0.STM0620,105
19,gene_19,STM_v1_0.STM0644,234
20,gene_20,STM_v1_0.STM0659,271
21,gene_21,STM_v1_0.STM0793,286
22,gene_22,STM_v1_0.STM0797,106
23,gene_23,STM_v1_0.STM0830,91
24,gene_24,STM_v1_0.STM0848,197
26,gene_26,STM_v1_0.STM0850,222
27,gene_27,STM_v1_0.STM0878,132
28,gene_28,STM_v1_0.STM0963,236
29,gene_29,STM_v1_0.STM0973,869
30,gene_30,STM_v1_0.STM0980,162
31,gene_31,STM_v1_0.STM0984,284
33,gene_33,STM_v1_0.STM1125,345
34,gene_34,STM_v1_0.STM1195,67
35,gene_35,STM_v1_0.STM1196,74
36,gene_36,STM_v1_0.STM1221,106
37,gene_37,STM_v1_0.STM1225,222
38,gene_38,STM_v1_0.STM1226,96
39,gene_39,STM_v1_0.STM1255,316
40,gene_40,STM_v1_0.STM1340,148
41,gene_41,STM_v1_0.STM1350,192
42,gene_42,STM_v1_0.STM1358,272
43,gene_43,STM_v1_0.STM1449,330
44,gene_44,STM_v1_0.STM1647,296
45,gene_45,STM_v1_0.STM1731,108
46,gene_46,STM_v1_0.STM1742,253
47,gene_47,STM_v1_0.STM1743,206
48,gene_48,STM_v1_0.STM1780,99
50,gene_50,STM_v1_0.STM1909,334
51,gene_51,STM_v1_0.STM1954,99
52,gene_52,STM_v1_0.STM2018,46
53,gene_53,STM_v1_0.STM2019,461
54,gene_54,STM_v1_0.STM2025,182
55,gene_55,STM_v1_0.STM2033,164
56,gene_56,STM_v1_0.STM2035,261
57,gene_57,STM_v1_0.STM2047,171
58,gene_58,STM_v1_0.STM2050,139
59,gene_59,STM_v1_0.STM2051,388
61,gene_61,STM_v1_0.STM2080,500
62,gene_62,STM_v1_0.STM2085,206
63,gene_63,STM_v1_0.STM2090,463
64,gene_64,STM_v1_0.STM2091,370
65,gene_65,STM_v1_0.STM2092,332
66,gene_66,STM_v1_0.STM2095,387
67,gene_67,STM_v1_0.STM2107,52
68,gene_68,STM_v1_0.STM2109,270
70,gene_70,STM_v1_0.STM2189,427
71,gene_71,STM_v1_0.STM2284,49
72,gene_72,STM_v1_0.STM2289,137
73,gene_73,STM_v1_0.STM2297,204
74,gene_74,STM_v1_0.STM2298,148
75,gene_75,STM_v1_0.STM2340,248
77,gene_77,STM_v1_0.STM2354,77
78,gene_78,STM_v1_0.STM2384,322
79,gene_79,STM_v1_0.STM2427,306
80,gene_80,STM_v1_0.STM2431,67
81,gene_81,STM_v1_0.STM2441,246
82,gene_82,STM_v1_0.STM2463,372
83,gene_83,STM_v1_0.STM2645,78
84,gene_84,STM_v1_0.STM2649,90
85,gene_85,STM_v1_0.STM2662,77
86,gene_86,STM_v1_0.STM2774,58
87,gene_87,STM_v1_0.STM2820,89
88,gene_88,STM_v1_0.STM2840,155
89,gene_89,STM_v1_0.STM2934,362
90,gene_90,STM_v1_0.STM2935,399
92,gene_92,STM_v1_0.STM2956,45
93,gene_93,STM_v1_0.STM2973,417
94,gene_94,STM_v1_0.STM2976,723
95,gene_95,STM_v1_0.STM3190,62
96,gene_96,STM_v1_0.STM3248,405
97,gene_97,STM_v1_0.STM3261,264
98,gene_98,STM_v1_0.STM3333,310
99,gene_99,STM_v1_0.STM3351,347
100,gene_100,STM_v1_0.STM3352,436
101,gene_101,STM_v1_0.STM3354,310
102,gene_102,STM_v1_0.STM3355,500
103,gene_103,STM_v1_0.STM3356,569
104,gene_104,STM_v1_0.STM3409,199
105,gene_105,STM_v1_0.STM3469,201
106,gene_106,STM_v1_0.STM3482,100
107,gene_107,STM_v1_0.STM3486,244
108,gene_108,STM_v1_0.STM3500,727
109,gene_109,STM_v1_0.STM3534,528
110,gene_110,STM_v1_0.STM3538,586
111,gene_111,STM_v1_0.STM3560,112
112,gene_112,STM_v1_0.STM3562,154
113,gene_113,STM_v1_0.STM3626,196
114,gene_114,STM_v1_0.STM3627,200
116,gene_116,STM_v1_0.STM3668,295
117,gene_117,STM_v1_0.STM3671,38
118,gene_118,STM_v1_0.STM3672,241
119,gene_119,STM_v1_0.STM3673,115
120,gene_120,STM_v1_0.STM3674,335
121,gene_121,STM_v1_0.STM3685,518
122,gene_122,STM_v1_0.STM3714,94
123,gene_123,STM_v1_0.STM3725,155
124,gene_124,STM_v1_0.STM3733,181
125,gene_125,STM_v1_0.STM3865,599
126,gene_126,STM_v1_0.STM3868,53
127,gene_127,STM_v1_0.STM3882,427
128,gene_128,STM_v1_0.STM3883,175
129,gene_129,STM_v1_0.STM3884,79
130,gene_130,STM_v1_0.STM3885,124
131,gene_131,STM_v1_0.STM3901,234
132,gene_132,STM_v1_0.STM3915,95
133,gene_133,STM_v1_0.STM3925,463
134,gene_134,STM_v1_0.STM3938,218
135,gene_135,STM_v1_0.STM3968,177
136,gene_136,STM_v1_0.STM3970,39
137,gene_137,STM_v1_0.STM3972,160
138,gene_138,STM_v1_0.STM4045,251
139,gene_139,STM_v1_0.STM4063,384
140,gene_140,STM_v1_0.STM4086,645
141,gene_141,STM_v1_0.STM4166,123
143,gene_143,STM_v1_0.STM4221,295
144,gene_144,STM_v1_0.STM4283,229
146,gene_146,STM_v1_0.STM4387,211
147,gene_147,STM_v1_0.STM4388,298
148,gene_148,STM_v1_0.STM4451,124
149,gene_149,STM_v1_0.STM4452,303
150,gene_150,STM_v1_0.STM4465,392
151,gene_151,STM_v1_0.STM4585,74
152,gene_153,iAF692.Mbar_A0035,399
153,gene_154,iAF692.Mbar_A0052,182
154,gene_155,iAF692.Mbar_A0083,45
155,gene_156,iAF692.Mbar_A0086,246
156,gene_157,iAF692.Mbar_A0171,228
157,gene_158,iAF692.Mbar_A0192,80
158,gene_159,iAF692.Mbar_A0210,81
159,gene_160,iAF692.Mbar_A0211,55
160,gene_161,iAF692.Mbar_A0218,558
161,gene_162,iAF692.Mbar_A0219,159
163,gene_164,iAF692.Mbar_A0244,150
164,gene_165,iAF692.Mbar_A0291,143
165,gene_166,iAF692.Mbar_A0378,40
166,gene_167,iAF692.Mbar_A0384,85
167,gene_168,iAF692.Mbar_A0385,496
168,gene_169,iAF692.Mbar_A0386,586
169,gene_170,iAF692.Mbar_A0390,40
170,gene_171,iAF692.Mbar_A0391,101
171,gene_172,iAF692.Mbar_A0408,103
172,gene_173,iAF692.Mbar_A0469,277
173,gene_174,iAF692.Mbar_A0470,293
174,gene_175,iAF692.Mbar_A0471,259
176,gene_177,iAF692.Mbar_A0473,152
177,gene_178,iAF692.Mbar_A0541,243
178,gene_179,iAF692.Mbar_A0548,130
179,gene_180,iAF692.Mbar_A0589,59
180,gene_181,iAF692.Mbar_A0666,427
182,gene_183,iAF692.Mbar_A0760,259
183,gene_184,iAF692.Mbar_A0762,137
184,gene_185,iAF692.Mbar_A0883,467
185,gene_186,iAF692.Mbar_A0995,142
186,gene_187,iAF692.Mbar_A1037,205
187,gene_188,iAF692.Mbar_A1181,257
190,gene_191,iAF692.Mbar_A1219,151
191,gene_192,iAF692.Mbar_A1238,85
192,gene_193,iAF692.Mbar_A1305,118
194,gene_195,iAF692.Mbar_A1338,145
195,gene_196,iAF692.Mbar_A1361,119
197,gene_198,iAF692.Mbar_A1438,342
199,gene_200,iAF692.Mbar_A1559,61
200,gene_201,iAF692.Mbar_A1586,478
201,gene_202,iAF692.Mbar_A1776,46
202,gene_203,iAF692.Mbar_A1781,345
203,gene_204,iAF692.Mbar_A1820,428
204,gene_205,iAF692.Mbar_A1821,380
205,gene_206,iAF692.Mbar_A1871,144
206,gene_207,iAF692.Mbar_A1889,36
207,gene_208,iAF692.Mbar_A1961,363
208,gene_209,iAF692.Mbar_A2020,62
209,gene_210,iAF692.Mbar_A2069,364
210,gene_211,iAF692.Mbar_A2079,43
211,gene_212,iAF692.Mbar_A2092,116
212,gene_213,iAF692.Mbar_A2149,152
213,gene_214,iAF692.Mbar_A2167,373
214,gene_215,iAF692.Mbar_A2179,165
215,gene_216,iAF692.Mbar_A2221,38
216,gene_217,iAF692.Mbar_A2270,143
217,gene_218,iAF692.Mbar_A2517,512
219,gene_220,iAF692.Mbar_A2898,250
220,gene_221,iAF692.Mbar_A2903,113
221,gene_222,iAF692.Mbar_A2943,42
222,gene_223,iAF692.Mbar_A2986,126
223,gene_224,iAF692.Mbar_A3039,45
224,gene_225,iAF692.Mbar_A3057,101
225,gene_226,iAF692.Mbar_A3173,284
226,gene_227,iAF692.Mbar_A3182,85
227,gene_228,iAF692.Mbar_A3183,121
228,gene_229,iAF692.Mbar_A3252,198
229,gene_230,iAF692.Mbar_A3353,154
230,gene_231,iAF692.Mbar_A3423,338
231,gene_232,iAF692.Mbar_A3429,322
232,gene_233,iAF692.Mbar_A3463,421
236,gene_237,iAF692.Mbar_A3635,51
237,gene_238,iAF987.Gmet_0018,111
238,gene_239,iAF987.Gmet_0043,99
239,gene_240,iAF987.Gmet_0059,203
240,gene_241,iAF987.Gmet_0067,208
241,gene_242,iAF987.Gmet_0069,91
242,gene_243,iAF987.Gmet_0073,483
243,gene_244,iAF987.Gmet_0075,479
244,gene_245,iAF987.Gmet_0076,65
245,gene_246,iAF987.Gmet_0078,102
246,gene_247,iAF987.Gmet_0189,377
247,gene_248,iAF987.Gmet_0203,264
248,gene_249,iAF987.Gmet_0205,94
249,gene_250,iAF987.Gmet_0209,491
250,gene_251,iAF987.Gmet_0300,83
251,gene_252,iAF987.Gmet_0302,160
252,gene_253,iAF987.Gmet_0383,191
253,gene_254,iAF987.Gmet_0384,393
254,gene_255,iAF987.Gmet_0386,231
255,gene_256,iAF987.Gmet_0387,191
256,gene_257,iAF987.Gmet_0388,50
257,gene_258,iAF987.Gmet_0389,340
258,gene_259,iAF987.Gmet_0406,284
259,gene_260,iAF987.Gmet_0408,270
260,gene_261,iAF987.Gmet_0415,194
262,gene_263,iAF987.Gmet_0470,287
263,gene_264,iAF987.Gmet_0477,173
264,gene_265,iAF987.Gmet_0481,175
265,gene_266,iAF987.Gmet_0485,231
266,gene_267,iAF987.Gmet_0486,273
267,gene_268,iAF987.Gmet_0487,225
268,gene_269,iAF987.Gmet_0491,155
269,gene_270,iAF987.Gmet_0492,75
270,gene_271,iAF987.Gmet_0493,159
271,gene_272,iAF987.Gmet_0497,275
272,gene_273,iAF987.Gmet_0549,231
273,gene_274,iAF987.Gmet_0551,302
274,gene_275,iAF987.Gmet_0552,340
275,gene_276,iAF987.Gmet_0608,317
276,gene_277,iAF987.Gmet_0661,46
277,gene_278,iAF987.Gmet_0662,215
278,gene_279,iAF987.Gmet_0669,61
279,gene_280,iAF987.Gmet_0700,199
280,gene_281,iAF987.Gmet_0816,55
281,gene_282,iAF987.Gmet_0819,437
282,gene_283,iAF987.Gmet_0822,73
283,gene_284,iAF987.Gmet_0864,403
284,gene_285,iAF987.Gmet_0865,163
285,gene_286,iAF987.Gmet_0880,135
286,gene_287,iAF987.Gmet_0885,164
287,gene_288,iAF987.Gmet_0902,464
288,gene_289,iAF987.Gmet_0903,320
289,gene_290,iAF987.Gmet_0916,323
290,gene_291,iAF987.Gmet_0928,162
291,gene_292,iAF987.Gmet_0940,798
292,gene_293,iAF987.Gmet_0941,178
294,gene_295,iAF987.Gmet_0977,101
295,gene_296,iAF987.Gmet_0978,248
296,gene_297,iAF987.Gmet_0983,94
297,gene_298,iAF987.Gmet_0984,526
298,gene_299,iAF987.Gmet_0987,188
299,gene_300,iAF987.Gmet_0991,131
300,gene_301,iAF987.Gmet_0997,159
301,gene_302,iAF987.Gmet_1033,42
302,gene_303,iAF987.Gmet_1036,149
303,gene_304,iAF987.Gmet_1037,155
304,gene_305,iAF987.Gmet_1038,217
305,gene_306,iAF987.Gmet_1092,130
306,gene_307,iAF987.Gmet_1106,42
307,gene_308,iAF987.Gmet_1160,248
308,gene_309,iAF987.Gmet_1170,44
309,gene_310,iAF987.Gmet_1179,100
310,gene_311,iAF987.Gmet_1186,515
311,gene_312,iAF987.Gmet_1260,559
312,gene_313,iAF987.Gmet_1261,121
313,gene_314,iAF987.Gmet_1262,395
314,gene_315,iAF987.Gmet_1282,112
315,gene_316,iAF987.Gmet_1293,266
316,gene_317,iAF987.Gmet_1300,277
317,gene_318,iAF987.Gmet_1311,263
318,gene_319,iAF987.Gmet_1353,417
319,gene_320,iAF987.Gmet_1357,620
320,gene_321,iAF987.Gmet_1388,181
321,gene_322,iAF987.Gmet_1416,563
322,gene_323,iAF987.Gmet_1469,231
323,gene_324,iAF987.Gmet_1531,192
324,gene_325,iAF987.Gmet_1558,410
325,gene_326,iAF987.Gmet_1566,395
326,gene_327,iAF987.Gmet_1567,58
327,gene_328,iAF987.Gmet_1568,388
328,gene_329,iAF987.Gmet_1570,167
329,gene_330,iAF987.Gmet_1573,63
330,gene_331,iAF987.Gmet_1581,98
331,gene_332,iAF987.Gmet_1599,266
332,gene_333,iAF987.Gmet_1601,201
333,gene_334,iAF987.Gmet_1629,365
334,gene_335,iAF987.Gmet_1639,84
335,gene_336,iAF987.Gmet_1640,280
336,gene_337,iAF987.Gmet_1706,75
337,gene_338,iAF987.Gmet_1759,151
338,gene_339,iAF987.Gmet_1762,229
339,gene_340,iAF987.Gmet_1804,201
340,gene_341,iAF987.Gmet_1815,64
341,gene_342,iAF987.Gmet_1818,114
342,gene_343,iAF987.Gmet_1819,106
343,gene_344,iAF987.Gmet_1832,52
344,gene_345,iAF987.Gmet_1841,328
345,gene_346,iAF987.Gmet_1844,330
346,gene_347,iAF987.Gmet_1854,46
347,gene_348,iAF987.Gmet_1875,167
348,gene_349,iAF987.Gmet_1880,365
349,gene_350,iAF987.Gmet_1888,166
350,gene_351,iAF987.Gmet_1899,162
351,gene_352,iAF987.Gmet_1903,268
352,gene_353,iAF987.Gmet_1904,295
353,gene_354,iAF987.Gmet_1905,278
354,gene_355,iAF987.Gmet_1906,384
355,gene_356,iAF987.Gmet_1914,79
356,gene_357,iAF987.Gmet_1917,62
357,gene_358,iAF987.Gmet_1919,73
358,gene_359,iAF987.Gmet_1934,586
359,gene_360,iAF987.Gmet_1939,429
360,gene_361,iAF987.Gmet_1948,189
361,gene_362,iAF987.Gmet_1952,144
362,gene_363,iAF987.Gmet_1986,194
363,gene_364,iAF987.Gmet_1991,53
364,gene_365,iAF987.Gmet_2066,44
365,gene_366,iAF987.Gmet_2080,603
366,gene_367,iAF987.Gmet_2094,153
367,gene_368,iAF987.Gmet_2095,261
368,gene_369,iAF987.Gmet_2213,339
370,gene_371,iAF987.Gmet_2349,334
371,gene_372,iAF987.Gmet_2372,483
372,gene_373,iAF987.Gmet_2391,465
373,gene_374,iAF987.Gmet_2399,99
375,gene_376,iAF987.Gmet_2440,57
376,gene_377,iAF987.Gmet_2444,57
377,gene_378,iAF987.Gmet_2472,202
378,gene_379,iAF987.Gmet_2477,231
379,gene_380,iAF987.Gmet_2482,501
380,gene_381,iAF987.Gmet_2494,177
381,gene_382,iAF987.Gmet_2495,309
382,gene_383,iAF987.Gmet_2496,211
383,gene_384,iAF987.Gmet_2497,358
384,gene_385,iAF987.Gmet_2559,115
385,gene_386,iAF987.Gmet_2629,199
386,gene_387,iAF987.Gmet_2633,73
387,gene_388,iAF987.Gmet_2692,186
388,gene_389,iAF987.Gmet_2763,228
389,gene_390,iAF987.Gmet_2767,733
390,gene_391,iAF987.Gmet_2822,631
391,gene_392,iAF987.Gmet_2823,44
392,gene_393,iAF987.Gmet_2859,419
393,gene_394,iAF987.Gmet_2860,385
394,gene_395,iAF987.Gmet_2904,429
395,gene_396,iAF987.Gmet_2909,228
396,gene_397,iAF987.Gmet_2992,320
397,gene_398,iAF987.Gmet_2999,191
398,gene_399,iAF987.Gmet_3026,108
399,gene_400,iAF987.Gmet_3085,191
400,gene_401,iAF987.Gmet_3133,109
401,gene_402,iAF987.Gmet_3171,70
402,gene_403,iAF987.Gmet_3200,137
403,gene_404,iAF987.Gmet_3203,580
404,gene_405,iAF987.Gmet_3233,160
405,gene_406,iAF987.Gmet_3234,209
407,gene_408,iAF987.Gmet_3241,43
408,gene_409,iAF987.Gmet_3243,159
409,gene_410,iAF987.Gmet_3259,189
410,gene_411,iAF987.Gmet_3260,354
411,gene_412,iAF987.Gmet_3272,249
412,gene_413,iAF987.Gmet_3339,293
414,gene_415,iAF987.Gmet_3356,464
415,gene_416,iAF987.Gmet_3406,626
416,gene_417,iAF987.Gmet_3408,627
420,gene_421,iAF987.Gmet_3431,254
421,gene_422,iAF987.Gmet_3469,171
422,gene_423,iAF987.Gmet_3470,88
423,gene_424,iAF987.Gmet_3476,68
424,gene_425,iAF987.Gmet_3528,236
425,gene_426,iAF987.Gmet_3529,127
426,gene_427,iAF987.Gmet_3544,255
427,gene_428,iAM_Pb448.PBANKA_061190,43
428,gene_429,iAM_Pb448.PBANKA_071570,46
430,gene_431,iAM_Pb448.PBANKA_083310,182
431,gene_432,iAM_Pb448.PBANKA_091170,72
432,gene_433,iAM_Pb448.PBANKA_100380,506
433,gene_434,iAM_Pb448.PBANKA_110710,62
434,gene_435,iAM_Pb448.PBANKA_112620,98
435,gene_436,iAM_Pb448.PBANKA_113700,308
436,gene_437,iAM_Pb448.PBANKA_131810,273
437,gene_438,iAM_Pb448.PBANKA_145030,581
438,gene_439,iAM_Pb448.PBANKA_146280,109
439,gene_440,iAM_Pc455.PCYB_031390,505
440,gene_441,iAM_Pc455.PCYB_052680,42
441,gene_442,iAM_Pc455.PCYB_061470,42
442,gene_443,iAM_Pc455.PCYB_071570,49
443,gene_444,iAM_Pc455.PCYB_073980,171
444,gene_445,iAM_Pc455.PCYB_094710,61
445,gene_446,iAM_Pc455.PCYB_111980,287
447,gene_448,iAM_Pc455.PCYB_126090,277
448,gene_449,iAM_Pc455.PCYB_146140,577
449,gene_450,iAM_Pc455.PCYB_147430,108
450,gene_451,iAM_Pf480.PF3D7_0406100,508
452,gene_453,iAM_Pf480.PF3D7_0627500,96
453,gene_454,iAM_Pf480.PF3D7_0922900,67
454,gene_455,iAM_Pf480.PF3D7_0932300,167
455,gene_456,iAM_Pf480.PF3D7_1020400,43
456,gene_457,iAM_Pf480.PF3D7_1115400,45
458,gene_459,iAM_Pf480.PF3D7_1235700,581
459,gene_460,iAM_Pf480.PF3D7_1249900,102
461,gene_462,iAM_Pf480.PF3D7_1436000,281
462,gene_463,iAM_Pf480.PF3D7_1454400,271
463,gene_464,iAM_Pf480.PF3D7_1457200,73
464,gene_465,iAM_Pv461.PVX_000935,505
465,gene_466,iAM_Pv461.PVX_001880,44
466,gene_467,iAM_Pv461.PVX_085660,106
467,gene_468,iAM_Pv461.PVX_087090,175
468,gene_469,iAM_Pv461.PVX_089645,42
469,gene_470,iAM_Pv461.PVX_092685,67
471,gene_472,iAM_Pv461.PVX_100735,577
472,gene_473,iAM_Pv461.PVX_101390,112
474,gene_475,iAM_Pv461.PVX_115000,283
475,gene_476,iAM_Pv461.PVX_117760,272
476,gene_477,iAT_PLT_636.1806,45
477,gene_478,iAT_PLT_636.2098,47
478,gene_479,iAT_PLT_636.2582,416
479,gene_480,iAT_PLT_636.2821,282
480,gene_481,iAT_PLT_636.29958,87
481,gene_482,iAT_PLT_636.3612,114
482,gene_483,iAT_PLT_636.4524,141
483,gene_484,iAT_PLT_636.4905,132
484,gene_485,iAT_PLT_636.506,595
485,gene_486,iAT_PLT_636.5223,79
486,gene_487,iAT_PLT_636.5224,75
487,gene_488,iAT_PLT_636.5834,753
488,gene_489,iAT_PLT_636.6532,127
489,gene_490,iAT_PLT_636.6539,136
490,gene_491,iAT_PLT_636.6652,120
491,gene_492,iAT_PLT_636.669,79
492,gene_493,iCHOv1.100682535,207
493,gene_494,iCHOv1.100689468,285
494,gene_495,iCHOv1.100751427,117
495,gene_496,iCHOv1.100751791,187
496,gene_497,iCHOv1.100752162,259
497,gene_498,iCHOv1.100752256,55
498,gene_499,iCHOv1.100752285,75
499,gene_500,iCHOv1.100752445,131
500,gene_501,iCHOv1.100754706,128
501,gene_502,iCHOv1.100754792,189
502,gene_503,iCHOv1.100755105,239
503,gene_504,iCHOv1.100755154,79
504,gene_505,iCHOv1.100756094,503
505,gene_506,iCHOv1.100757328,51
506,gene_507,iCHOv1.100757350,759
507,gene_508,iCHOv1.100759306,346
508,gene_509,iCHOv1.100759503,87
509,gene_510,iCHOv1.100760370,127
510,gene_511,iCHOv1.100760520,118
511,gene_512,iCHOv1.100761226,138
513,gene_514,iCHOv1.100763024,593
514,gene_515,iCHOv1.100764540,66
515,gene_516,iCHOv1.100765478,121
516,gene_517,iCHOv1.100769146,48
517,gene_518,iCHOv1.100769186,499
518,gene_519,iCHOv1.100769585,49
519,gene_520,iCHOv1.100769695,45
520,gene_521,iCHOv1.100770033,247
521,gene_522,iCHOv1.100773599,89
522,gene_523,iCHOv1.100774665,513
523,gene_524,iCHOv1.100774679,47
524,gene_525,iCHOv1.100774799,47
525,gene_526,iCN718.ABAYE_RS01735,320
526,gene_527,iCN718.ABAYE_RS01780,174
527,gene_528,iCN718.ABAYE_RS03580,116
528,gene_529,iCN718.ABAYE_RS03585,476
529,gene_530,iCN718.ABAYE_RS03665,189
530,gene_531,iCN718.ABAYE_RS04050,457
531,gene_532,iCN718.ABAYE_RS04335,259
532,gene_533,iCN718.ABAYE_RS04470,368
533,gene_534,iCN718.ABAYE_RS04620,43
534,gene_535,iCN718.ABAYE_RS04905,352
535,gene_536,iCN718.ABAYE_RS05140,272
536,gene_537,iCN718.ABAYE_RS05145,289
537,gene_538,iCN718.ABAYE_RS05150,289
538,gene_539,iCN718.ABAYE_RS05160,371
539,gene_540,iCN718.ABAYE_RS05520,431
540,gene_541,iCN718.ABAYE_RS05610,80
541,gene_542,iCN718.ABAYE_RS05795,79
542,gene_543,iCN718.ABAYE_RS06030,186
543,gene_544,iCN718.ABAYE_RS07235,177
544,gene_545,iCN718.ABAYE_RS07700,338
545,gene_546,iCN718.ABAYE_RS08040,105
547,gene_548,iCN718.ABAYE_RS08395,155
548,gene_549,iCN718.ABAYE_RS08590,303
549,gene_550,iCN718.ABAYE_RS10010,321
550,gene_551,iCN718.ABAYE_RS10535,152
551,gene_552,iCN718.ABAYE_RS10745,377
552,gene_553,iCN718.ABAYE_RS10970,90
553,gene_554,iCN718.ABAYE_RS11025,187
554,gene_555,iCN718.ABAYE_RS11390,155
556,gene_557,iCN718.ABAYE_RS12870,75
557,gene_558,iCN718.ABAYE_RS12975,87
558,gene_559,iCN718.ABAYE_RS13345,125
559,gene_560,iCN718.ABAYE_RS13845,83
560,gene_561,iCN718.ABAYE_RS13870,756
561,gene_562,iCN718.ABAYE_RS13880,123
562,gene_563,iCN718.ABAYE_RS13930,397
563,gene_564,iCN718.ABAYE_RS13935,419
564,gene_565,iCN718.ABAYE_RS14110,246
565,gene_566,iCN718.ABAYE_RS14570,254
567,gene_568,iCN718.ABAYE_RS14785,153
568,gene_569,iCN718.ABAYE_RS14895,170
569,gene_570,iCN718.ABAYE_RS14975,288
570,gene_571,iCN718.ABAYE_RS15375,82
571,gene_572,iCN718.ABAYE_RS15605,270
572,gene_573,iCN718.ABAYE_RS15865,43
573,gene_574,iCN718.ABAYE_RS16135,112
574,gene_575,iCN718.ABAYE_RS16140,224
575,gene_576,iCN718.ABAYE_RS16630,234
576,gene_577,iCN718.ABAYE_RS17215,68
577,gene_578,iCN718.ABAYE_RS17400,364
578,gene_579,iCN718.ABAYE_RS17455,206
579,gene_580,iCN718.ABAYE_RS17470,485
580,gene_581,iCN718.ABAYE_RS17565,266
582,gene_583,iCN718.ABAYE_RS18625,58
583,gene_584,iCN718.ABAYE_RS18875,318
584,gene_585,iCN718.ABAYE_RS19040,58
586,gene_587,iCN718.ABAYE_RS19060,153
588,gene_589,iCN718.ABAYE_RS19265,176
589,gene_590,iCN900.CD630_00140,236
590,gene_591,iCN900.CD630_00340,526
591,gene_592,iCN900.CD630_00480,222
592,gene_593,iCN900.CD630_00500,600
593,gene_594,iCN900.CD630_00520,540
594,gene_595,iCN900.CD630_00910,259
595,gene_596,iCN900.CD630_01000,318
596,gene_597,iCN900.CD630_01010,286
597,gene_598,iCN900.CD630_01020,295
598,gene_599,iCN900.CD630_01030,201
599,gene_600,iCN900.CD630_01200,632
600,gene_601,iCN900.CD630_01230,298
601,gene_602,iCN900.CD630_01300,553
602,gene_603,iCN900.CD630_01880,75
603,gene_604,iCN900.CD630_01980,637
604,gene_605,iCN900.CD630_02200,419
605,gene_606,iCN900.CD630_02210,332
606,gene_607,iCN900.CD630_02220,201
607,gene_608,iCN900.CD630_02240,441
608,gene_609,iCN900.CD630_02250,1356
609,gene_610,iCN900.CD630_02510,57
610,gene_611,iCN900.CD630_02970,264
611,gene_612,iCN900.CD630_03000,43
612,gene_613,iCN900.CD630_03010,433
613,gene_614,iCN900.CD630_03020,181
614,gene_615,iCN900.CD630_03130,626
615,gene_616,iCN900.CD630_03340,1214
616,gene_617,iCN900.CD630_03450,226
618,gene_619,iCN900.CD630_03960,253
619,gene_620,iCN900.CD630_04050,214
621,gene_622,iCN900.CD630_04310,286
622,gene_623,iCN900.CD630_04900,273
623,gene_624,iCN900.CD630_05560,47
624,gene_625,iCN900.CD630_05570,445
625,gene_626,iCN900.CD630_05740,575
626,gene_627,iCN900.CD630_05910,798
627,gene_628,iCN900.CD630_06960,293
628,gene_629,iCN900.CD630_06970,174
629,gene_630,iCN900.CD630_06990,413
630,gene_631,iCN900.CD630_07080,411
631,gene_632,iCN900.CD630_07160,674
632,gene_633,iCN900.CD630_07170,303
633,gene_634,iCN900.CD630_07180,825
634,gene_635,iCN900.CD630_07190,197
635,gene_636,iCN900.CD630_07200,287
636,gene_637,iCN900.CD630_07210,147
637,gene_638,iCN900.CD630_07220,269
638,gene_639,iCN900.CD630_07240,283
639,gene_640,iCN900.CD630_07250,308
640,gene_641,iCN900.CD630_07260,523
641,gene_642,iCN900.CD630_07270,323
642,gene_643,iCN900.CD630_07280,853
643,gene_644,iCN900.CD630_07300,610
644,gene_645,iCN900.CD630_07510,163
645,gene_646,iCN900.CD630_07520,310
646,gene_647,iCN900.CD630_07530,321
647,gene_648,iCN900.CD630_07540,364
648,gene_649,iCN900.CD630_07590,963
649,gene_650,iCN900.CD630_08330,223
650,gene_651,iCN900.CD630_08410,591
651,gene_652,iCN900.CD630_08680,172
652,gene_653,iCN900.CD630_08700,206
653,gene_654,iCN900.CD630_08720,133
654,gene_655,iCN900.CD630_08820,398
655,gene_656,iCN900.CD630_08840,469
656,gene_657,iCN900.CD630_08850,798
657,gene_658,iCN900.CD630_08880,392
658,gene_659,iCN900.CD630_08900,322
659,gene_660,iCN900.CD630_08910,268
660,gene_661,iCN900.CD630_08930,287
661,gene_662,iCN900.CD630_08940,286
662,gene_663,iCN900.CD630_09000,132
664,gene_665,iCN900.CD630_09890,574
665,gene_666,iCN900.CD630_09910,144
666,gene_667,iCN900.CD630_09920,397
667,gene_668,iCN900.CD630_10050,469
668,gene_669,iCN900.CD630_10110,272
669,gene_670,iCN900.CD630_10240,436
670,gene_671,iCN900.CD630_10250,283
671,gene_672,iCN900.CD630_10270,325
672,gene_673,iCN900.CD630_10590,360
673,gene_674,iCN900.CD630_10600,186
674,gene_675,iCN900.CD630_10620,70
675,gene_676,iCN900.CD630_10690,182
676,gene_677,iCN900.CD630_10870,67
677,gene_678,iCN900.CD630_11290,106
678,gene_679,iCN900.CD630_11340,170
679,gene_680,iCN900.CD630_11530,125
680,gene_681,iCN900.CD630_11750,465
681,gene_682,iCN900.CD630_11780,304
682,gene_683,iCN900.CD630_11790,259
683,gene_684,iCN900.CD630_11800,360
684,gene_685,iCN900.CD630_11810,259
685,gene_686,iCN900.CD630_11820,268
686,gene_687,iCN900.CD630_11840,447
687,gene_688,iCN900.CD630_11910,751
688,gene_689,iCN900.CD630_12050,275
689,gene_690,iCN900.CD630_12120,38
690,gene_691,iCN900.CD630_12260,40
691,gene_692,iCN900.CD630_12790,491
692,gene_693,iCN900.CD630_12820,891
693,gene_694,iCN900.CD630_13150,199
694,gene_695,iCN900.CD630_13270,139
695,gene_696,iCN900.CD630_13320,275
696,gene_697,iCN900.CD630_13340,600
697,gene_698,iCN900.CD630_13530,184
698,gene_699,iCN900.CD630_13820,694
699,gene_700,iCN900.CD630_14450,215
700,gene_701,iCN900.CD630_14460,370
701,gene_702,iCN900.CD630_14770,70
702,gene_703,iCN900.CD630_14780,95
703,gene_704,iCN900.CD630_14790,715
704,gene_705,iCN900.CD630_14890,161
705,gene_706,iCN900.CD630_14900,183
706,gene_707,iCN900.CD630_14910,225
707,gene_708,iCN900.CD630_14950,272
708,gene_709,iCN900.CD630_15260,494
709,gene_710,iCN900.CD630_15360,405
710,gene_711,iCN900.CD630_15370,688
711,gene_712,iCN900.CD630_15480,197
712,gene_713,iCN900.CD630_15510,174
713,gene_714,iCN900.CD630_15540,215
714,gene_715,iCN900.CD630_15770,568
715,gene_716,iCN900.CD630_15880,177
716,gene_717,iCN900.CD630_15990,228
717,gene_718,iCN900.CD630_16010,171
718,gene_719,iCN900.CD630_16140,144
719,gene_720,iCN900.CD630_16150,52
720,gene_721,iCN900.CD630_16370,316
721,gene_722,iCN900.CD630_16550,229
722,gene_723,iCN900.CD630_16590,711
723,gene_724,iCN900.CD630_16630,404
724,gene_725,iCN900.CD630_16740,58
725,gene_726,iCN900.CD630_16960,298
726,gene_727,iCN900.CD630_16970,207
727,gene_728,iCN900.CD630_16990,207
728,gene_729,iCN900.CD630_17020,550
729,gene_730,iCN900.CD630_17040,311
730,gene_731,iCN900.CD630_17050,276
731,gene_732,iCN900.CD630_17090,60
732,gene_733,iCN900.CD630_17290,359
734,gene_735,iCN900.CD630_17650,101
735,gene_736,iCN900.CD630_17750,144
736,gene_737,iCN900.CD630_17760,100
737,gene_738,iCN900.CD630_17850,409
738,gene_739,iCN900.CD630_18050,239
739,gene_740,iCN900.CD630_18060,207
740,gene_741,iCN900.CD630_18070,65
741,gene_742,iCN900.CD630_18080,101
742,gene_743,iCN900.CD630_18140,77
743,gene_744,iCN900.CD630_18160,160
744,gene_745,iCN900.CD630_18180,237
745,gene_746,iCN900.CD630_18200,465
746,gene_747,iCN900.CD630_18250,450
747,gene_748,iCN900.CD630_18330,242
748,gene_749,iCN900.CD630_19040,200
749,gene_750,iCN900.CD630_19070,385
750,gene_751,iCN900.CD630_19470,221
751,gene_752,iCN900.CD630_19780,153
752,gene_753,iCN900.CD630_20140,668
753,gene_754,iCN900.CD630_20200,937
754,gene_755,iCN900.CD630_20300,395
755,gene_756,iCN900.CD630_20320,281
756,gene_757,iCN900.CD630_20330,370
757,gene_758,iCN900.CD630_20590,682
758,gene_759,iCN900.CD630_20800,174
759,gene_760,iCN900.CD630_20810,170
760,gene_761,iCN900.CD630_20830,431
761,gene_762,iCN900.CD630_20840,165
762,gene_763,iCN900.CD630_20850,488
763,gene_764,iCN900.CD630_20910,434
764,gene_765,iCN900.CD630_20990,821
765,gene_766,iCN900.CD630_21000,169
766,gene_767,iCN900.CD630_21010,187
767,gene_768,iCN900.CD630_21070,375
768,gene_769,iCN900.CD630_21150,660
769,gene_770,iCN900.CD630_21170,282
770,gene_771,iCN900.CD630_21180,546
771,gene_772,iCN900.CD630_21220,300
772,gene_773,iCN900.CD630_21240,125
773,gene_774,iCN900.CD630_21280,397
774,gene_775,iCN900.CD630_21300,408
775,gene_776,iCN900.CD630_21350,151
776,gene_777,iCN900.CD630_21360,234
777,gene_778,iCN900.CD630_21380,202
778,gene_779,iCN900.CD630_21550,372
780,gene_781,iCN900.CD630_21720,226
781,gene_782,iCN900.CD630_21940,84
782,gene_783,iCN900.CD630_22060,453
783,gene_784,iCN900.CD630_22170,283
784,gene_785,iCN900.CD630_22300,179
785,gene_786,iCN900.CD630_22320,329
786,gene_787,iCN900.CD630_22330,364
787,gene_788,iCN900.CD630_22450,653
789,gene_790,iCN900.CD630_22560,285
790,gene_791,iCN900.CD630_22700,155
791,gene_792,iCN900.CD630_22760,422
792,gene_793,iCN900.CD630_22770,124
793,gene_794,iCN900.CD630_22780,299
794,gene_795,iCN900.CD630_23200,165
795,gene_796,iCN900.CD630_23210,358
796,gene_797,iCN900.CD630_23220,328
797,gene_798,iCN900.CD630_23230,118
798,gene_799,iCN900.CD630_23240,252
799,gene_800,iCN900.CD630_23290,290
800,gene_801,iCN900.CD630_23300,197
802,gene_803,iCN900.CD630_23560,257
803,gene_804,iCN900.CD630_23610,154
804,gene_805,iCN900.CD630_23700,317
805,gene_806,iCN900.CD630_23710,365
806,gene_807,iCN900.CD630_23720,254
807,gene_808,iCN900.CD630_23770,80
809,gene_810,iCN900.CD630_24100,1065
810,gene_811,iCN900.CD630_24590,80
811,gene_812,iCN900.CD630_24640,302
813,gene_814,iCN900.CD630_24930,85
814,gene_815,iCN900.CD630_25000,464
815,gene_816,iCN900.CD630_25240,142
816,gene_817,iCN900.CD630_25320,404
817,gene_818,iCN900.CD630_25490,190
818,gene_819,iCN900.CD630_25750,219
819,gene_820,iCN900.CD630_25770,177
820,gene_821,iCN900.CD630_25840,320
821,gene_822,iCN900.CD630_25870,395
822,gene_823,iCN900.CD630_25880,194
823,gene_824,iCN900.CD630_25900,162
824,gene_825,iCN900.CD630_25960,332
825,gene_826,iCN900.CD630_26110,212
826,gene_827,iCN900.CD630_26230,223
827,gene_828,iCN900.CD630_26300,339
828,gene_829,iCN900.CD630_26530,377
829,gene_830,iCN900.CD630_26540,280
830,gene_831,iCN900.CD630_26550,283
831,gene_832,iCN900.CD630_26760,375
833,gene_834,iCN900.CD630_26820,1346
834,gene_835,iCN900.CD630_26910,186
835,gene_836,iCN900.CD630_26920,274
836,gene_837,iCN900.CD630_26950,428
837,gene_838,iCN900.CD630_27140,460
838,gene_839,iCN900.CD630_27390,670
839,gene_840,iCN900.CD630_27410,383
840,gene_841,iCN900.CD630_27420,121
841,gene_842,iCN900.CD630_27440,725
842,gene_843,iCN900.CD630_27450,205
843,gene_844,iCN900.CD630_27550,456
844,gene_845,iCN900.CD630_27800,590
845,gene_846,iCN900.CD630_28280,479
846,gene_847,iCN900.CD630_28320,311
848,gene_849,iCN900.CD630_28750,164
849,gene_850,iCN900.CD630_29540,81
850,gene_851,iCN900.CD630_29550,503
851,gene_852,iCN900.CD630_29560,559
852,gene_853,iCN900.CD630_29590,40
853,gene_854,iCN900.CD630_29660,1253
854,gene_855,iCN900.CD630_30060,313
855,gene_856,iCN900.CD630_30650,332
856,gene_857,iCN900.CD630_30740,409
857,gene_858,iCN900.CD630_30840,422
858,gene_859,iCN900.CD630_30910,567
859,gene_860,iCN900.CD630_31000,286
860,gene_861,iCN900.CD630_31100,316
861,gene_862,iCN900.CD630_31280,85
863,gene_864,iCN900.CD630_31700,508
864,gene_865,iCN900.CD630_31710,623
865,gene_866,iCN900.CD630_31720,248
866,gene_867,iCN900.CD630_31730,511
867,gene_868,iCN900.CD630_31740,425
868,gene_869,iCN900.CD630_31770,963
869,gene_870,iCN900.CD630_31780,433
870,gene_871,iCN900.CD630_31820,319
871,gene_872,iCN900.CD630_31840,487
872,gene_873,iCN900.CD630_31890,82
873,gene_874,iCN900.CD630_31950,519
874,gene_875,iCN900.CD630_32150,87
875,gene_876,iCN900.CD630_32230,344
876,gene_877,iCN900.CD630_32250,347
877,gene_878,iCN900.CD630_32530,276
878,gene_879,iCN900.CD630_32560,1154
879,gene_880,iCN900.CD630_32610,378
880,gene_881,iCN900.CD630_32620,213
881,gene_882,iCN900.CD630_32630,258
882,gene_883,iCN900.CD630_32680,105
883,gene_884,iCN900.CD630_32740,63
884,gene_885,iCN900.CD630_32810,265
885,gene_886,iCN900.CD630_32860,337
886,gene_887,iCN900.CD630_33080,177
887,gene_888,iCN900.CD630_33140,70
888,gene_889,iCN900.CD630_33500,353
889,gene_890,iCN900.CD630_33940,541
890,gene_891,iCN900.CD630_34020,314
891,gene_892,iCN900.CD630_34060,610
892,gene_893,iCN900.CD630_34070,435
893,gene_894,iCN900.CD630_34150,149
894,gene_895,iCN900.CD630_34160,141
895,gene_896,iCN900.CD630_34180,75
896,gene_897,iCN900.CD630_34190,349
897,gene_898,iCN900.CD630_34200,349
898,gene_899,iCN900.CD630_34220,204
899,gene_900,iCN900.CD630_34240,254
900,gene_901,iCN900.CD630_34250,181
901,gene_902,iCN900.CD630_34260,285
902,gene_903,iCN900.CD630_34290,261
903,gene_904,iCN900.CD630_34300,181
904,gene_905,iCN900.CD630_34330,248
905,gene_906,iCN900.CD630_34340,289
906,gene_907,iCN900.CD630_34350,492
908,gene_909,iCN900.CD630_34370,84
909,gene_910,iCN900.CD630_34380,79
910,gene_911,iCN900.CD630_34400,211
911,gene_912,iCN900.CD630_34480,320
912,gene_913,iCN900.CD630_34510,207
913,gene_914,iCN900.CD630_34560,91
914,gene_915,iCN900.CD630_34590,343
915,gene_916,iCN900.CD630_34600,323
916,gene_917,iCN900.CD630_34630,298
917,gene_918,iCN900.CD630_34680,694
918,gene_919,iCN900.CD630_34690,234
919,gene_920,iCN900.CD630_34700,664
920,gene_921,iCN900.CD630_34710,54
921,gene_922,iCN900.CD630_34720,68
922,gene_923,iCN900.CD630_34730,63
923,gene_924,iCN900.CD630_34740,166
924,gene_925,iCN900.CD630_34790,275
925,gene_926,iCN900.CD630_34800,151
926,gene_927,iCN900.CD630_35180,435
927,gene_928,iCN900.CD630_35270,153
928,gene_929,iCN900.CD630_35300,250
929,gene_930,iCN900.CD630_35430,530
930,gene_931,iCN900.CD630_35520,524
931,gene_932,iCN900.CD630_35550,206
932,gene_933,iCN900.CD630_35620,289
933,gene_934,iCN900.CD630_35660,243
934,gene_935,iCN900.CD630_35770,42
935,gene_936,iCN900.CD630_35880,1235
936,gene_937,iCN900.CD630_35890,385
937,gene_938,iCN900.CD630_35900,1227
938,gene_939,iCN900.CD630_35960,245
940,gene_941,iCN900.CD630_36550,362
941,gene_942,iCN900.CD630_36640,56
942,gene_943,iCN900.CD630_36700,299
943,gene_944,iEK1008.Rv0018c,79
944,gene_945,iEK1008.Rv0125,91
945,gene_946,iEK1008.Rv0126,163
946,gene_947,iEK1008.Rv0183,136
947,gene_948,iEK1008.Rv0220,97
948,gene_949,iEK1008.Rv0248c,218
949,gene_950,iEK1008.Rv0270,183
950,gene_951,iEK1008.Rv0334,363
951,gene_952,iEK1008.Rv0357c,360
952,gene_953,iEK1008.Rv0386,40
953,gene_954,iEK1008.Rv0684,807
954,gene_955,iEK1008.Rv0946c,305
955,gene_956,iEK1008.Rv1079,45
956,gene_957,iEK1008.Rv1235,89
957,gene_958,iEK1008.Rv1236,201
958,gene_959,iEK1008.Rv1237,209
959,gene_960,iEK1008.Rv1288,50
960,gene_961,iEK1008.Rv1294,247
961,gene_962,iEK1008.Rv1326c,580
962,gene_963,iEK1008.Rv1348,260
963,gene_964,iEK1008.Rv1349,75
964,gene_965,iEK1008.Rv1389,48
965,gene_966,iEK1008.Rv1399c,130
966,gene_967,iEK1008.Rv1400c,132
967,gene_968,iEK1008.Rv1426c,74
968,gene_969,iEK1008.Rv1564c,222
969,gene_970,iEK1008.Rv1712,153
970,gene_971,iEK1008.Rv2039c,150
971,gene_972,iEK1008.Rv2040c,165
974,gene_975,iEK1008.Rv2252,86
976,gene_977,iEK1008.Rv2318,68
977,gene_978,iEK1008.Rv2397c,272
978,gene_979,iEK1008.Rv2435c,43
979,gene_980,iEK1008.Rv2581c,131
980,gene_981,iEK1008.Rv2833c,68
982,gene_983,iEK1008.Rv2936,149
983,gene_984,iEK1008.Rv2952,69
984,gene_985,iEK1008.Rv2970c,142
985,gene_986,iEK1008.Rv3001c,116
986,gene_987,iEK1008.Rv3089,196
987,gene_988,iEK1008.Rv3111,143
988,gene_989,iEK1008.Rv3265c,70
989,gene_990,iEK1008.Rv3330,127
990,gene_991,iEK1008.Rv3624c,174
991,gene_992,iEK1008.Rv3913,125
992,gene_993,iHN637.CLJU_RS00085,235
993,gene_994,iHN637.CLJU_RS00300,252
994,gene_995,iHN637.CLJU_RS00340,161
996,gene_997,iHN637.CLJU_RS00590,281
997,gene_998,iHN637.CLJU_RS00595,647
998,gene_999,iHN637.CLJU_RS00610,235
999,gene_1000,iHN637.CLJU_RS00620,466
1000,gene_1001,iHN637.CLJU_RS00625,207
1001,gene_1002,iHN637.CLJU_RS00770,220
1002,gene_1003,iHN637.CLJU_RS00840,741
1003,gene_1004,iHN637.CLJU_RS00915,89
1004,gene_1005,iHN637.CLJU_RS00920,1193
1005,gene_1006,iHN637.CLJU_RS01030,226
1006,gene_1007,iHN637.CLJU_RS01075,693
1007,gene_1008,iHN637.CLJU_RS01130,162
1008,gene_1009,iHN637.CLJU_RS01135,258
1009,gene_1010,iHN637.CLJU_RS01160,124
1010,gene_1011,iHN637.CLJU_RS01165,50
1011,gene_1012,iHN637.CLJU_RS01170,40
1012,gene_1013,iHN637.CLJU_RS01175,87
1013,gene_1014,iHN637.CLJU_RS01180,649
1014,gene_1015,iHN637.CLJU_RS01190,654
1015,gene_1016,iHN637.CLJU_RS01195,82
1016,gene_1017,iHN637.CLJU_RS01205,266
1017,gene_1018,iHN637.CLJU_RS01260,560
1018,gene_1019,iHN637.CLJU_RS01300,556
1019,gene_1020,iHN637.CLJU_RS01315,133
1020,gene_1021,iHN637.CLJU_RS01375,182
1021,gene_1022,iHN637.CLJU_RS01390,434
1022,gene_1023,iHN637.CLJU_RS01495,330
1023,gene_1024,iHN637.CLJU_RS01500,365
1024,gene_1025,iHN637.CLJU_RS01560,279
1025,gene_1026,iHN637.CLJU_RS01590,377
1026,gene_1027,iHN637.CLJU_RS01595,522
1027,gene_1028,iHN637.CLJU_RS02030,485
1029,gene_1030,iHN637.CLJU_RS02150,362
1030,gene_1031,iHN637.CLJU_RS02155,1205
1031,gene_1032,iHN637.CLJU_RS02195,460
1032,gene_1033,iHN637.CLJU_RS02275,474
1033,gene_1034,iHN637.CLJU_RS02395,173
1034,gene_1035,iHN637.CLJU_RS02400,242
1035,gene_1036,iHN637.CLJU_RS02610,186
1036,gene_1037,iHN637.CLJU_RS02615,483
1037,gene_1038,iHN637.CLJU_RS02620,395
1038,gene_1039,iHN637.CLJU_RS02625,208
1039,gene_1040,iHN637.CLJU_RS02630,261
1040,gene_1041,iHN637.CLJU_RS02730,490
1041,gene_1042,iHN637.CLJU_RS02735,367
1042,gene_1043,iHN637.CLJU_RS02740,206
1043,gene_1044,iHN637.CLJU_RS02745,259
1044,gene_1045,iHN637.CLJU_RS02910,395
1045,gene_1046,iHN637.CLJU_RS02945,240
1046,gene_1047,iHN637.CLJU_RS02950,459
1047,gene_1048,iHN637.CLJU_RS03115,341
1048,gene_1049,iHN637.CLJU_RS03120,251
1049,gene_1050,iHN637.CLJU_RS03130,236
1050,gene_1051,iHN637.CLJU_RS03245,123
1051,gene_1052,iHN637.CLJU_RS03255,233
1052,gene_1053,iHN637.CLJU_RS03265,506
1053,gene_1054,iHN637.CLJU_RS03270,162
1054,gene_1055,iHN637.CLJU_RS03295,449
1055,gene_1056,iHN637.CLJU_RS03300,491
1056,gene_1057,iHN637.CLJU_RS03400,617
1057,gene_1058,iHN637.CLJU_RS03465,630
1059,gene_1060,iHN637.CLJU_RS03520,265
1060,gene_1061,iHN637.CLJU_RS03675,359
1061,gene_1062,iHN637.CLJU_RS03910,324
1062,gene_1063,iHN637.CLJU_RS04010,1159
1063,gene_1064,iHN637.CLJU_RS04215,442
1064,gene_1065,iHN637.CLJU_RS04220,356
1065,gene_1066,iHN637.CLJU_RS04225,190
1066,gene_1067,iHN637.CLJU_RS04385,400
1067,gene_1068,iHN637.CLJU_RS04465,377
1068,gene_1069,iHN637.CLJU_RS04470,142
1069,gene_1070,iHN637.CLJU_RS04475,410
1070,gene_1071,iHN637.CLJU_RS04575,412
1071,gene_1072,iHN637.CLJU_RS04600,429
1072,gene_1073,iHN637.CLJU_RS04605,1366
1073,gene_1074,iHN637.CLJU_RS04950,358
1074,gene_1075,iHN637.CLJU_RS05135,435
1075,gene_1076,iHN637.CLJU_RS05190,389
1076,gene_1077,iHN637.CLJU_RS05195,288
1077,gene_1078,iHN637.CLJU_RS05200,276
1078,gene_1079,iHN637.CLJU_RS05255,207
1079,gene_1080,iHN637.CLJU_RS05285,180
1080,gene_1081,iHN637.CLJU_RS05470,610
1081,gene_1082,iHN637.CLJU_RS05525,238
1082,gene_1083,iHN637.CLJU_RS05570,323
1083,gene_1084,iHN637.CLJU_RS05575,229
1084,gene_1085,iHN637.CLJU_RS05580,67
1085,gene_1086,iHN637.CLJU_RS05585,171
1086,gene_1087,iHN637.CLJU_RS05590,177
1087,gene_1088,iHN637.CLJU_RS05595,154
1088,gene_1089,iHN637.CLJU_RS05660,1357
1090,gene_1091,iHN637.CLJU_RS05725,208
1091,gene_1092,iHN637.CLJU_RS05730,436
1092,gene_1093,iHN637.CLJU_RS05735,215
1093,gene_1094,iHN637.CLJU_RS05740,189
1094,gene_1095,iHN637.CLJU_RS05750,353
1095,gene_1096,iHN637.CLJU_RS05755,341
1096,gene_1097,iHN637.CLJU_RS05805,984
1097,gene_1098,iHN637.CLJU_RS05810,256
1098,gene_1099,iHN637.CLJU_RS05895,300
1099,gene_1100,iHN637.CLJU_RS06095,358
1100,gene_1101,iHN637.CLJU_RS06125,327
1101,gene_1102,iHN637.CLJU_RS06205,218
1102,gene_1103,iHN637.CLJU_RS06240,167
1103,gene_1104,iHN637.CLJU_RS06260,379
1104,gene_1105,iHN637.CLJU_RS06265,443
1105,gene_1106,iHN637.CLJU_RS06280,301
1106,gene_1107,iHN637.CLJU_RS06285,77
1107,gene_1108,iHN637.CLJU_RS06400,196
1108,gene_1109,iHN637.CLJU_RS06410,224
1109,gene_1110,iHN637.CLJU_RS06430,392
1110,gene_1111,iHN637.CLJU_RS06465,127
1111,gene_1112,iHN637.CLJU_RS06515,152
1112,gene_1113,iHN637.CLJU_RS06565,639
1113,gene_1114,iHN637.CLJU_RS06575,621
1114,gene_1115,iHN637.CLJU_RS06600,97
1115,gene_1116,iHN637.CLJU_RS07005,577
1116,gene_1117,iHN637.CLJU_RS07045,283
1117,gene_1118,iHN637.CLJU_RS07205,458
1118,gene_1119,iHN637.CLJU_RS07210,606
1119,gene_1120,iHN637.CLJU_RS07240,442
1120,gene_1121,iHN637.CLJU_RS07395,411
1121,gene_1122,iHN637.CLJU_RS07805,109
1122,gene_1123,iHN637.CLJU_RS07875,347
1123,gene_1124,iHN637.CLJU_RS07880,212
1124,gene_1125,iHN637.CLJU_RS07885,291
1125,gene_1126,iHN637.CLJU_RS07890,189
1126,gene_1127,iHN637.CLJU_RS07895,119
1127,gene_1128,iHN637.CLJU_RS07900,526
1128,gene_1129,iHN637.CLJU_RS07905,249
1129,gene_1130,iHN637.CLJU_RS08095,1128
1130,gene_1131,iHN637.CLJU_RS08540,301
1131,gene_1132,iHN637.CLJU_RS08755,211
1132,gene_1133,iHN637.CLJU_RS08905,129
1133,gene_1134,iHN637.CLJU_RS08920,455
1134,gene_1135,iHN637.CLJU_RS08965,342
1136,gene_1137,iHN637.CLJU_RS10005,432
1137,gene_1138,iHN637.CLJU_RS10010,432
1138,gene_1139,iHN637.CLJU_RS10015,675
1139,gene_1140,iHN637.CLJU_RS10025,159
1140,gene_1141,iHN637.CLJU_RS10075,344
1141,gene_1142,iHN637.CLJU_RS10115,160
1142,gene_1143,iHN637.CLJU_RS10210,238
1143,gene_1144,iHN637.CLJU_RS10220,84
1144,gene_1145,iHN637.CLJU_RS10465,280
1146,gene_1147,iHN637.CLJU_RS10530,84
1147,gene_1148,iHN637.CLJU_RS10565,255
1148,gene_1149,iHN637.CLJU_RS10570,387
1149,gene_1150,iHN637.CLJU_RS10635,47
1150,gene_1151,iHN637.CLJU_RS10665,226
1151,gene_1152,iHN637.CLJU_RS10670,206
1152,gene_1153,iHN637.CLJU_RS10675,242
1153,gene_1154,iHN637.CLJU_RS10680,333
1154,gene_1155,iHN637.CLJU_RS10825,201
1155,gene_1156,iHN637.CLJU_RS10830,482
1156,gene_1157,iHN637.CLJU_RS10840,354
1157,gene_1158,iHN637.CLJU_RS10870,280
1158,gene_1159,iHN637.CLJU_RS10875,208
1159,gene_1160,iHN637.CLJU_RS10880,167
1160,gene_1161,iHN637.CLJU_RS11215,73
1161,gene_1162,iHN637.CLJU_RS11345,525
1162,gene_1163,iHN637.CLJU_RS11350,541
1163,gene_1164,iHN637.CLJU_RS11355,100
1164,gene_1165,iHN637.CLJU_RS11360,981
1165,gene_1166,iHN637.CLJU_RS11425,179
1166,gene_1167,iHN637.CLJU_RS11515,563
1167,gene_1168,iHN637.CLJU_RS11545,238
1168,gene_1169,iHN637.CLJU_RS11570,244
1169,gene_1170,iHN637.CLJU_RS11685,322
1170,gene_1171,iHN637.CLJU_RS11690,370
1171,gene_1172,iHN637.CLJU_RS11760,283
1172,gene_1173,iHN637.CLJU_RS11785,414
1173,gene_1174,iHN637.CLJU_RS11915,127
1174,gene_1175,iHN637.CLJU_RS11970,367
1175,gene_1176,iHN637.CLJU_RS12020,270
1176,gene_1177,iHN637.CLJU_RS12040,103
1177,gene_1178,iHN637.CLJU_RS12050,118
1179,gene_1180,iHN637.CLJU_RS12420,1123
1182,gene_1183,iHN637.CLJU_RS13140,203
1183,gene_1184,iHN637.CLJU_RS13445,744
1184,gene_1185,iHN637.CLJU_RS13685,370
1185,gene_1186,iHN637.CLJU_RS13735,252
1186,gene_1187,iHN637.CLJU_RS13835,417
1188,gene_1189,iHN637.CLJU_RS14185,336
1189,gene_1190,iHN637.CLJU_RS14190,266
1190,gene_1191,iHN637.CLJU_RS14330,764
1191,gene_1192,iHN637.CLJU_RS14370,270
1192,gene_1193,iHN637.CLJU_RS14385,232
1193,gene_1194,iHN637.CLJU_RS14475,1285
1195,gene_1196,iHN637.CLJU_RS15025,230
1196,gene_1197,iHN637.CLJU_RS15095,394
1197,gene_1198,iHN637.CLJU_RS15680,70
1198,gene_1199,iHN637.CLJU_RS15695,190
1199,gene_1200,iHN637.CLJU_RS15710,259
1200,gene_1201,iHN637.CLJU_RS15715,138
1201,gene_1202,iHN637.CLJU_RS15730,243
1202,gene_1203,iHN637.CLJU_RS15735,178
1203,gene_1204,iHN637.CLJU_RS15740,300
1204,gene_1205,iHN637.CLJU_RS15745,286
1205,gene_1206,iHN637.CLJU_RS15750,387
1206,gene_1207,iHN637.CLJU_RS15755,320
1207,gene_1208,iHN637.CLJU_RS15830,311
1208,gene_1209,iHN637.CLJU_RS16210,332
1209,gene_1210,iHN637.CLJU_RS16285,230
1210,gene_1211,iHN637.CLJU_RS16295,165
1211,gene_1212,iHN637.CLJU_RS16355,555
1212,gene_1213,iHN637.CLJU_RS16390,235
1213,gene_1214,iHN637.CLJU_RS16395,180
1214,gene_1215,iHN637.CLJU_RS16615,722
1215,gene_1216,iHN637.CLJU_RS16620,191
1216,gene_1217,iHN637.CLJU_RS16730,352
1218,gene_1219,iHN637.CLJU_RS16870,403
1219,gene_1220,iHN637.CLJU_RS16970,407
1220,gene_1221,iHN637.CLJU_RS17035,230
1221,gene_1222,iHN637.CLJU_RS17040,362
1222,gene_1223,iHN637.CLJU_RS17100,266
1223,gene_1224,iHN637.CLJU_RS17105,1092
1224,gene_1225,iHN637.CLJU_RS17225,171
1225,gene_1226,iHN637.CLJU_RS17490,87
1226,gene_1227,iHN637.CLJU_RS17585,208
1227,gene_1228,iHN637.CLJU_RS17590,147
1228,gene_1229,iHN637.CLJU_RS17595,406
1229,gene_1230,iHN637.CLJU_RS17710,181
1230,gene_1231,iHN637.CLJU_RS17715,401
1231,gene_1232,iHN637.CLJU_RS17720,219
1232,gene_1233,iHN637.CLJU_RS18300,657
1233,gene_1234,iHN637.CLJU_RS18305,648
1234,gene_1235,iHN637.CLJU_RS18325,292
1235,gene_1236,iHN637.CLJU_RS18335,697
1236,gene_1237,iHN637.CLJU_RS18360,457
1237,gene_1238,iHN637.CLJU_RS18405,251
1238,gene_1239,iHN637.CLJU_RS18465,153
1239,gene_1240,iHN637.CLJU_RS18480,596
1240,gene_1241,iHN637.CLJU_RS18490,837
1241,gene_1242,iHN637.CLJU_RS18495,333
1242,gene_1243,iHN637.CLJU_RS18500,483
1243,gene_1244,iHN637.CLJU_RS18505,288
1244,gene_1245,iHN637.CLJU_RS18510,292
1245,gene_1246,iHN637.CLJU_RS18520,275
1246,gene_1247,iHN637.CLJU_RS18530,280
1247,gene_1248,iHN637.CLJU_RS18535,183
1248,gene_1249,iHN637.CLJU_RS18540,834
1249,gene_1250,iHN637.CLJU_RS18545,294
1250,gene_1251,iHN637.CLJU_RS18550,652
1251,gene_1252,iHN637.CLJU_RS18940,491
1252,gene_1253,iHN637.CLJU_RS19255,516
1253,gene_1254,iHN637.CLJU_RS19260,637
1254,gene_1255,iHN637.CLJU_RS19265,273
1255,gene_1256,iHN637.CLJU_RS19270,560
1256,gene_1257,iHN637.CLJU_RS19425,188
1257,gene_1258,iHN637.CLJU_RS19450,391
1258,gene_1259,iHN637.CLJU_RS19520,304
1260,gene_1261,iHN637.CLJU_RS19905,642
1261,gene_1262,iHN637.CLJU_RS19935,64
1262,gene_1263,iHN637.CLJU_RS19990,234
1263,gene_1264,iHN637.CLJU_RS19995,373
1264,gene_1265,iHN637.CLJU_RS20110,236
1265,gene_1266,iHN637.CLJU_RS20335,229
1266,gene_1267,iHN637.CLJU_RS20455,199
1267,gene_1268,iHN637.CLJU_RS20465,181
1268,gene_1269,iHN637.CLJU_RS20535,101
1270,gene_1271,iHN637.CLJU_RS20600,482
1271,gene_1272,iHN637.CLJU_RS20680,477
1272,gene_1273,iHN637.CLJU_RS20735,315
1273,gene_1274,iHN637.CLJU_RS20740,328
1274,gene_1275,iHN637.CLJU_RS20745,581
1275,gene_1276,iHN637.CLJU_RS20750,184
1276,gene_1277,iHN637.CLJU_RS20760,480
1277,gene_1278,iHN637.CLJU_RS20765,274
1278,gene_1279,iHN637.CLJU_RS20770,257
1279,gene_1280,iHN637.CLJU_RS20775,385
1280,gene_1281,iHN637.CLJU_RS20780,256
1281,gene_1282,iHN637.CLJU_RS20860,345
1282,gene_1283,iHN637.CLJU_RS20995,402
1285,gene_1286,iIS312.TCDM_05039,291
1286,gene_1287,iIT341.HP0034,130
1287,gene_1288,iIT341.HP0067,200
1288,gene_1289,iIT341.HP0068,325
1289,gene_1290,iIT341.HP0069,197
1290,gene_1291,iIT341.HP0070,104
1291,gene_1292,iIT341.HP0071,155
1292,gene_1293,iIT341.HP0072,824
1293,gene_1294,iIT341.HP0073,146
1294,gene_1295,iIT341.HP0380,515
1295,gene_1296,iIT341.HP0772,54
1296,gene_1297,iIT341.HP0824,88
1297,gene_1298,iIT341.HP0942,305
1298,gene_1299,iIT341.HP1132,607
1299,gene_1300,iIT341.HP1134,603
1300,gene_1301,iIT341.HP1468,324
1301,gene_1302,iIT341.HP1576,163
1302,gene_1303,iJN1463.PP_0044,42
1303,gene_1304,iJN1463.PP_0065,216
1304,gene_1305,iJN1463.PP_0112,223
1305,gene_1306,iJN1463.PP_0113,187
1306,gene_1307,iJN1463.PP_0114,149
1307,gene_1308,iJN1463.PP_0118,80
1308,gene_1309,iJN1463.PP_0137,249
1309,gene_1310,iJN1463.PP_0184,462
1310,gene_1311,iJN1463.PP_0186,212
1311,gene_1312,iJN1463.PP_0209,224
1312,gene_1313,iJN1463.PP_0219,181
1313,gene_1314,iJN1463.PP_0220,93
1314,gene_1315,iJN1463.PP_0225,234
1316,gene_1317,iJN1463.PP_0227,98
1317,gene_1318,iJN1463.PP_0228,159
1318,gene_1319,iJN1463.PP_0282,88
1319,gene_1320,iJN1463.PP_0283,226
1320,gene_1321,iJN1463.PP_0293,320
1321,gene_1322,iJN1463.PP_0310,236
1323,gene_1324,iJN1463.PP_0325,46
1324,gene_1325,iJN1463.PP_0411,108
1325,gene_1326,iJN1463.PP_0416,100
1326,gene_1327,iJN1463.PP_0417,344
1327,gene_1328,iJN1463.PP_0422,173
1328,gene_1329,iJN1463.PP_0432,303
1329,gene_1330,iJN1463.PP_0510,84
1330,gene_1331,iJN1463.PP_0675,510
1331,gene_1332,iJN1463.PP_0722,95
1333,gene_1334,iJN1463.PP_0817,297
1334,gene_1335,iJN1463.PP_0833,345
1335,gene_1336,iJN1463.PP_0843,135
1336,gene_1337,iJN1463.PP_0878,275
1337,gene_1338,iJN1463.PP_0879,198
1338,gene_1339,iJN1463.PP_0936,118
1339,gene_1340,iJN1463.PP_0964,278
1340,gene_1341,iJN1463.PP_0967,350
1342,gene_1343,iJN1463.PP_1017,132
1343,gene_1344,iJN1463.PP_1068,90
1344,gene_1345,iJN1463.PP_1075,435
1345,gene_1346,iJN1463.PP_1138,234
1346,gene_1347,iJN1463.PP_1139,167
1347,gene_1348,iJN1463.PP_1141,100
1348,gene_1349,iJN1463.PP_1144,195
1349,gene_1350,iJN1463.PP_1167,285
1350,gene_1351,iJN1463.PP_1168,40
1351,gene_1352,iJN1463.PP_1235,114
1352,gene_1353,iJN1463.PP_1280,264
1353,gene_1354,iJN1463.PP_1292,145
1354,gene_1355,iJN1463.PP_1303,395
1355,gene_1356,iJN1463.PP_1304,371
1356,gene_1357,iJN1463.PP_1336,144
1358,gene_1359,iJN1463.PP_1416,311
1359,gene_1360,iJN1463.PP_1470,249
1360,gene_1361,iJN1463.PP_1494,75
1361,gene_1362,iJN1463.PP_1612,489
1362,gene_1363,iJN1463.PP_1617,47
1364,gene_1365,iJN1463.PP_1722,100
1365,gene_1366,iJN1463.PP_1768,369
1366,gene_1367,iJN1463.PP_1771,152
1367,gene_1368,iJN1463.PP_1779,236
1368,gene_1369,iJN1463.PP_1783,384
1369,gene_1370,iJN1463.PP_1830,328
1370,gene_1371,iJN1463.PP_1872,515
1371,gene_1372,iJN1463.PP_1915,76
1372,gene_1373,iJN1463.PP_1924,137
1373,gene_1374,iJN1463.PP_1988,399
1374,gene_1375,iJN1463.PP_1995,114
1375,gene_1376,iJN1463.PP_2123,208
1376,gene_1377,iJN1463.PP_2185,727
1377,gene_1378,iJN1463.PP_2454,87
1378,gene_1379,iJN1463.PP_2456,152
1379,gene_1380,iJN1463.PP_2458,134
1382,gene_1383,iJN1463.PP_2492,184
1384,gene_1385,iJN1463.PP_2843,121
1385,gene_1386,iJN1463.PP_2845,750
1386,gene_1387,iJN1463.PP_2904,625
1388,gene_1389,iJN1463.PP_3285,78
1389,gene_1390,iJN1463.PP_3343,197
1390,gene_1391,iJN1463.PP_3344,229
1391,gene_1392,iJN1463.PP_3461,171
1392,gene_1393,iJN1463.PP_3466,157
1394,gene_1395,iJN1463.PP_3637,158
1395,gene_1396,iJN1463.PP_3754,350
1396,gene_1397,iJN1463.PP_3790,174
1397,gene_1398,iJN1463.PP_3817,142
1398,gene_1399,iJN1463.PP_4000,253
1399,gene_1400,iJN1463.PP_4029,42
1400,gene_1401,iJN1463.PP_4055,243
1401,gene_1402,iJN1463.PP_4058,621
1402,gene_1403,iJN1463.PP_4059,177
1403,gene_1404,iJN1463.PP_4063,192
1404,gene_1405,iJN1463.PP_4150,78
1405,gene_1406,iJN1463.PP_4209,48
1406,gene_1407,iJN1463.PP_4210,208
1408,gene_1409,iJN1463.PP_4423,114
1409,gene_1410,iJN1463.PP_4473,368
1410,gene_1411,iJN1463.PP_4636,347
1411,gene_1412,iJN1463.PP_4639,103
1412,gene_1413,iJN1463.PP_4653,353
1414,gene_1415,iJN1463.PP_4757,592
1415,gene_1416,iJN1463.PP_4784,448
1416,gene_1417,iJN1463.PP_4803,160
1417,gene_1418,iJN1463.PP_4842,42
1419,gene_1420,iJN1463.PP_4867,101
1420,gene_1421,iJN1463.PP_4893,252
1421,gene_1422,iJN1463.PP_4903,111
1422,gene_1423,iJN1463.PP_4935,244
1423,gene_1424,iJN1463.PP_4946,350
1424,gene_1425,iJN1463.PP_4977,147
1425,gene_1426,iJN1463.PP_5013,169
1426,gene_1427,iJN1463.PP_5078,253
1427,gene_1428,iJN1463.PP_5089,341
1428,gene_1429,iJN1463.PP_5123,151
1429,gene_1430,iJN1463.PP_5137,139
1430,gene_1431,iJN1463.PP_5168,252
1431,gene_1432,iJN1463.PP_5169,288
1432,gene_1433,iJN1463.PP_5170,286
1433,gene_1434,iJN1463.PP_5171,353
1434,gene_1435,iJN1463.PP_5179,93
1436,gene_1437,iJN1463.PP_5315,73
1437,gene_1438,iJN1463.PP_5346,463
1438,gene_1439,iJN1463.PP_5371,72
1439,gene_1440,iJN1463.PP_5413,582
1440,gene_1441,iLB1027_lipid.PHATRDRAFT_11099,43
1441,gene_1442,iLB1027_lipid.PHATRDRAFT_12331,54
1442,gene_1443,iLB1027_lipid.PHATRDRAFT_13073,192
1443,gene_1444,iLB1027_lipid.PHATRDRAFT_16944,165
1444,gene_1445,iLB1027_lipid.PHATRDRAFT_17226,111
1445,gene_1446,iLB1027_lipid.PHATRDRAFT_20809,250
1446,gene_1447,iLB1027_lipid.PHATRDRAFT_23924,287
1447,gene_1448,iLB1027_lipid.PHATRDRAFT_43429,318
1449,gene_1450,iLB1027_lipid.PHATRDRAFT_54086,574
1451,gene_1452,iLB1027_lipid.PHATRDRAFT_9348,178
1452,gene_1453,iLJ478.TM0010,622
1453,gene_1454,iLJ478.TM0025,395
1455,gene_1456,iLJ478.TM0058,212
1456,gene_1457,iLJ478.TM0067,223
1458,gene_1459,iLJ478.TM0108,277
1459,gene_1460,iLJ478.TM0112,162
1460,gene_1461,iLJ478.TM0114,103
1461,gene_1462,iLJ478.TM0115,424
1462,gene_1463,iLJ478.TM0128,445
1464,gene_1465,iLJ478.TM0141,217
1465,gene_1466,iLJ478.TM0201,436
1466,gene_1467,iLJ478.TM0239,293
1467,gene_1468,iLJ478.TM0240,386
1468,gene_1469,iLJ478.TM0268,148
1469,gene_1470,iLJ478.TM0274,468
1470,gene_1471,iLJ478.TM0276,522
1471,gene_1472,iLJ478.TM0282,240
1472,gene_1473,iLJ478.TM0284,333
1473,gene_1474,iLJ478.TM0291,347
1474,gene_1475,iLJ478.TM0292,136
1475,gene_1476,iLJ478.TM0293,438
1478,gene_1479,iLJ478.TM0348,97
1479,gene_1480,iLJ478.TM0402,422
1480,gene_1481,iLJ478.TM0446,202
1483,gene_1484,iLJ478.TM0548,514
1484,gene_1485,iLJ478.TM0550,430
1485,gene_1486,iLJ478.TM0551,624
1486,gene_1487,iLJ478.TM0554,347
1487,gene_1488,iLJ478.TM0555,133
1488,gene_1489,iLJ478.TM0716,322
1489,gene_1490,iLJ478.TM0751,421
1490,gene_1491,iLJ478.TM0869,256
1491,gene_1492,iLJ478.TM0877,482
1492,gene_1493,iLJ478.TM0880,325
1493,gene_1494,iLJ478.TM0881,350
1494,gene_1495,iLJ478.TM0913,99
1495,gene_1496,iLJ478.TM0943,399
1496,gene_1497,iLJ478.TM0952,474
1497,gene_1498,iLJ478.TM0953,280
1498,gene_1499,iLJ478.TM0955,172
1499,gene_1500,iLJ478.TM0956,440
1500,gene_1501,iLJ478.TM0960,132
1501,gene_1502,iLJ478.TM1064,305
1502,gene_1503,iLJ478.TM1077,296
1503,gene_1504,iLJ478.TM1121,140
1504,gene_1505,iLJ478.TM1122,139
1505,gene_1506,iLJ478.TM1136,251
1506,gene_1507,iLJ478.TM1138,260
1507,gene_1508,iLJ478.TM1139,286
1508,gene_1509,iLJ478.TM1148,475
1509,gene_1510,iLJ478.TM1193,635
1510,gene_1511,iLJ478.TM1195,191
1511,gene_1512,iLJ478.TM1202,95
1512,gene_1513,iLJ478.TM1272,436
1513,gene_1514,iLJ478.TM1273,437
1514,gene_1515,iLJ478.TM1287,104
1515,gene_1516,iLJ478.TM1374,78
1516,gene_1517,iLJ478.TM1376,140
1517,gene_1518,iLJ478.TM1379,251
1518,gene_1519,iLJ478.TM1398,224
1520,gene_1521,iLJ478.TM1424,152
1521,gene_1522,iLJ478.TM1425,614
1522,gene_1523,iLJ478.TM1430,650
1523,gene_1524,iLJ478.TM1432,361
1524,gene_1525,iLJ478.TM1433,331
1525,gene_1526,iLJ478.TM1443,152
1526,gene_1527,iLJ478.TM1517,100
1527,gene_1528,iLJ478.TM1610,637
1528,gene_1529,iLJ478.TM1612,556
1529,gene_1530,iLJ478.TM1615,69
1530,gene_1531,iLJ478.TM1628,91
1532,gene_1533,iLJ478.TM1724,199
1533,gene_1534,iLJ478.TM1749,318
1534,gene_1535,iLJ478.TM1750,257
1535,gene_1536,iLJ478.TM1782,320
1536,gene_1537,iLJ478.TM1783,386
1537,gene_1538,iLJ478.TM1784,276
1538,gene_1539,iLJ478.TM1785,358
1539,gene_1540,iLJ478.TM1848,469
1540,gene_1541,iLJ478.TM1867,225
1541,gene_1542,iML1515.b0037,179
1542,gene_1543,iML1515.b0061,280
1543,gene_1544,iML1515.b0062,514
1544,gene_1545,iML1515.b0077,240
1545,gene_1546,iML1515.b0089,152
1546,gene_1547,iML1515.b0154,481
1547,gene_1548,iML1515.b0199,280
1548,gene_1549,iML1515.b0336,180
1549,gene_1550,iML1515.b0366,154
1550,gene_1551,iML1515.b0367,119
1551,gene_1552,iML1515.b0386,279
1552,gene_1553,iML1515.b0402,77
1553,gene_1554,iML1515.b0403,265
1554,gene_1555,iML1515.b0516,230
1555,gene_1556,iML1515.b0624,68
1556,gene_1557,iML1515.b0632,119
1557,gene_1558,iML1515.b0638,60
1558,gene_1559,iML1515.b0650,272
1560,gene_1561,iML1515.b0774,289
1561,gene_1562,iML1515.b0778,103
1562,gene_1563,iML1515.b0783,145
1563,gene_1564,iML1515.b0809,220
1564,gene_1565,iML1515.b0811,94
1565,gene_1566,iML1515.b0822,65
1566,gene_1567,iML1515.b0826,78
1567,gene_1568,iML1515.b0827,225
1568,gene_1569,iML1515.b0829,193
1569,gene_1570,iML1515.b0831,196
1570,gene_1571,iML1515.b0832,204
1571,gene_1572,iML1515.b0844,119
1572,gene_1573,iML1515.b0855,132
1573,gene_1574,iML1515.b0903,880
1574,gene_1575,iML1515.b0910,162
1575,gene_1576,iML1515.b0914,282
1576,gene_1577,iML1515.b0936,57
1577,gene_1578,iML1515.b0968,49
1578,gene_1579,iML1515.b1011,77
1579,gene_1580,iML1515.b1015,356
1581,gene_1582,iML1515.b1094,74
1582,gene_1583,iML1515.b1125,221
1583,gene_1584,iML1515.b1126,94
1584,gene_1585,iML1515.b1207,98
1587,gene_1588,iML1515.b1246,207
1588,gene_1589,iML1515.b1247,306
1590,gene_1591,iML1515.b1308,60
1591,gene_1592,iML1515.b1337,394
1593,gene_1594,iML1515.b1484,194
1594,gene_1595,iML1515.b1485,207
1595,gene_1596,iML1515.b1487,160
1596,gene_1597,iML1515.b1490,58
1597,gene_1598,iML1515.b1514,62
1598,gene_1599,iML1515.b1516,81
1599,gene_1600,iML1515.b1601,62
1600,gene_1601,iML1515.b1616,229
1601,gene_1602,iML1515.b1693,272
1602,gene_1603,iML1515.b1694,367
1603,gene_1604,iML1515.b1701,187
1604,gene_1605,iML1515.b1711,154
1605,gene_1606,iML1515.b1727,40
1606,gene_1607,iML1515.b1759,47
1607,gene_1608,iML1515.b1794,73
1608,gene_1609,iML1515.b1805,177
1609,gene_1610,iML1515.b1821,133
1611,gene_1612,iML1515.b1917,234
1612,gene_1613,iML1515.b1918,84
1613,gene_1614,iML1515.b1919,101
1614,gene_1615,iML1515.b1920,107
1615,gene_1616,iML1515.b1985,171
1616,gene_1617,iML1515.b1993,46
1618,gene_1619,iML1515.b2028,498
1619,gene_1620,iML1515.b2036,476
1620,gene_1621,iML1515.b2037,105
1621,gene_1622,iML1515.b2039,384
1622,gene_1623,iML1515.b2047,234
1623,gene_1624,iML1515.b2148,47
1624,gene_1625,iML1515.b2149,443
1626,gene_1627,iML1515.b2173,94
1627,gene_1628,iML1515.b2175,75
1628,gene_1629,iML1515.b2180,85
1630,gene_1631,iML1515.b2254,150
1631,gene_1632,iML1515.b2290,539
1632,gene_1633,iML1515.b2329,324
1633,gene_1634,iML1515.b2361,77
1634,gene_1635,iML1515.b2379,292
1635,gene_1636,iML1515.b2411,318
1636,gene_1637,iML1515.b2422,249
1637,gene_1638,iML1515.b2480,120
1638,gene_1639,iML1515.b2499,327
1639,gene_1640,iML1515.b2529,132
1640,gene_1641,iML1515.b2582,93
1641,gene_1642,iML1515.b2690,96
1642,gene_1643,iML1515.b2700,116
1643,gene_1644,iML1515.b2710,155
1644,gene_1645,iML1515.b2751,364
1645,gene_1646,iML1515.b2752,401
1646,gene_1647,iML1515.b2779,479
1647,gene_1648,iML1515.b2784,45
1649,gene_1650,iML1515.b2799,429
1650,gene_1651,iML1515.b2802,725
1651,gene_1652,iML1515.b2866,686
1652,gene_1653,iML1515.b2867,212
1653,gene_1654,iML1515.b2868,172
1654,gene_1655,iML1515.b2924,132
1655,gene_1656,iML1515.b3001,373
1656,gene_1657,iML1515.b3011,196
1658,gene_1659,iML1515.b3040,62
1659,gene_1660,iML1515.b3125,401
1660,gene_1661,iML1515.b3201,142
1661,gene_1662,iML1515.b3248,130
1662,gene_1663,iML1515.b3255,95
1663,gene_1664,iML1515.b3290,196
1664,gene_1665,iML1515.b3385,101
1665,gene_1666,iML1515.b3389,250
1666,gene_1667,iML1515.b3403,732
1667,gene_1668,iML1515.b3417,502
1668,gene_1669,iML1515.b3428,526
1669,gene_1670,iML1515.b3432,585
1670,gene_1671,iML1515.b3454,107
1671,gene_1672,iML1515.b3456,154
1672,gene_1673,iML1515.b3477,221
1673,gene_1674,iML1515.b3478,184
1674,gene_1675,iML1515.b3540,196
1675,gene_1676,iML1515.b3541,192
1676,gene_1677,iML1515.b3566,238
1677,gene_1678,iML1515.b3567,412
1678,gene_1679,iML1515.b3568,172
1680,gene_1681,iML1515.b3577,40
1681,gene_1682,iML1515.b3578,237
1682,gene_1683,iML1515.b3579,109
1683,gene_1684,iML1515.b3580,339
1684,gene_1685,iML1515.b3582,202
1685,gene_1686,iML1515.b3590,85
1687,gene_1688,iML1515.b3634,156
1688,gene_1689,iML1515.b3642,171
1689,gene_1690,iML1515.b3697,95
1690,gene_1691,iML1515.b3732,596
1691,gene_1692,iML1515.b3749,429
1692,gene_1693,iML1515.b3750,230
1693,gene_1694,iML1515.b3751,74
1694,gene_1695,iML1515.b3781,96
1695,gene_1696,iML1515.b3789,365
1696,gene_1697,iML1515.b3791,458
1697,gene_1698,iML1515.b3805,219
1698,gene_1699,iML1515.b3831,179
1699,gene_1700,iML1515.b3833,56
1700,gene_1701,iML1515.b3857,49
1701,gene_1702,iML1515.b3885,50
1702,gene_1703,iML1515.b3902,255
1703,gene_1704,iML1515.b3917,389
1704,gene_1705,iML1515.b3926,653
1705,gene_1706,iML1515.b3996,120
1706,gene_1707,iML1515.b4025,294
1707,gene_1708,iML1515.b4077,226
1708,gene_1709,iML1515.b4086,103
1709,gene_1710,iML1515.b4167,202
1710,gene_1711,iML1515.b4173,237
1711,gene_1712,iML1515.b4197,212
1712,gene_1713,iML1515.b4198,300
1713,gene_1714,iML1515.b4227,189
1714,gene_1715,iML1515.b4230,223
1715,gene_1716,iML1515.b4231,196
1716,gene_1717,iML1515.b4237,119
1717,gene_1718,iML1515.b4238,300
1718,gene_1719,iML1515.b4287,76
1719,gene_1720,iML1515.b4352,68
1720,gene_1721,iML1515.b4358,117
1721,gene_1722,iML1515.b4476,276
1722,gene_1723,iML1515.b4485,484
1723,gene_1724,iMM1415.110095,751
1724,gene_1725,iMM1415.110935,502
1725,gene_1726,iMM1415.11303,141
1726,gene_1727,iMM1415.11431,92
1728,gene_1729,iMM1415.11947,595
1729,gene_1730,iMM1415.11966,512
1730,gene_1731,iMM1415.12183,77
1731,gene_1732,iMM1415.13885,47
1732,gene_1733,iMM1415.14387,244
1733,gene_1734,iMM1415.14411,134
1734,gene_1735,iMM1415.14412,133
1736,gene_1737,iMM1415.14751,281
1737,gene_1738,iMM1415.15567,130
1738,gene_1739,iMM1415.18195,132
1739,gene_1740,iMM1415.19309,761
1741,gene_1742,iMM1415.218138,250
1742,gene_1743,iMM1415.232333,127
1743,gene_1744,iMM1415.232714,234
1744,gene_1745,iMM1415.234730,206
1745,gene_1746,iMM1415.240332,129
1746,gene_1747,iMM1415.243616,130
1747,gene_1748,iMM1415.245847,51
1748,gene_1749,iMM1415.320685,185
1749,gene_1750,iMM1415.55980,109
1750,gene_1751,iMM1415.56529,42
1751,gene_1752,iMM1415.66286,45
1752,gene_1753,iMM1415.74246,344
1753,gene_1754,iMM904.YBR127C,508
1754,gene_1755,iMM904.YBR196C,299
1755,gene_1756,iMM904.YBR252W,101
1756,gene_1757,iMM904.YDR305C,47
1757,gene_1758,iMM904.YER026C,67
1758,gene_1759,iMM904.YIL020C,184
1759,gene_1760,iMM904.YJR121W,607
1760,gene_1761,iMM904.YJR159W,197
1761,gene_1762,iMM904.YLL018C,256
1764,gene_1765,iMM904.YLR308W,92
1765,gene_1766,iMM904.YNR058W,276
1766,gene_1767,iNF517.LLMG_RS00430,399
1767,gene_1768,iNF517.LLMG_RS00495,496
1768,gene_1769,iNF517.LLMG_RS00605,42
1769,gene_1770,iNF517.LLMG_RS00670,73
1770,gene_1771,iNF517.LLMG_RS00920,569
1771,gene_1772,iNF517.LLMG_RS01010,87
1772,gene_1773,iNF517.LLMG_RS01055,477
1773,gene_1774,iNF517.LLMG_RS01090,392
1774,gene_1775,iNF517.LLMG_RS01105,80
1775,gene_1776,iNF517.LLMG_RS01110,218
1776,gene_1777,iNF517.LLMG_RS01180,451
1777,gene_1778,iNF517.LLMG_RS01210,592
1778,gene_1779,iNF517.LLMG_RS01445,165
1779,gene_1780,iNF517.LLMG_RS01465,283
1780,gene_1781,iNF517.LLMG_RS01565,202
1781,gene_1782,iNF517.LLMG_RS01755,153
1782,gene_1783,iNF517.LLMG_RS01830,75
1783,gene_1784,iNF517.LLMG_RS01855,63
1785,gene_1786,iNF517.LLMG_RS01995,503
1786,gene_1787,iNF517.LLMG_RS02010,271
1787,gene_1788,iNF517.LLMG_RS02055,350
1788,gene_1789,iNF517.LLMG_RS02290,402
1789,gene_1790,iNF517.LLMG_RS02315,85
1790,gene_1791,iNF517.LLMG_RS02785,394
1791,gene_1792,iNF517.LLMG_RS02805,144
1792,gene_1793,iNF517.LLMG_RS02940,333
1793,gene_1794,iNF517.LLMG_RS03215,485
1794,gene_1795,iNF517.LLMG_RS03290,104
1795,gene_1796,iNF517.LLMG_RS03315,538
1796,gene_1797,iNF517.LLMG_RS03780,158
1798,gene_1799,iNF517.LLMG_RS03830,647
1799,gene_1800,iNF517.LLMG_RS03940,208
1800,gene_1801,iNF517.LLMG_RS04060,427
1801,gene_1802,iNF517.LLMG_RS04065,249
1802,gene_1803,iNF517.LLMG_RS04070,139
1803,gene_1804,iNF517.LLMG_RS04195,97
1804,gene_1805,iNF517.LLMG_RS04530,438
1805,gene_1806,iNF517.LLMG_RS04935,117
1806,gene_1807,iNF517.LLMG_RS04970,162
1807,gene_1808,iNF517.LLMG_RS05020,352
1809,gene_1810,iNF517.LLMG_RS05280,492
1810,gene_1811,iNF517.LLMG_RS05325,118
1812,gene_1813,iNF517.LLMG_RS05530,1147
1813,gene_1814,iNF517.LLMG_RS05580,440
1814,gene_1815,iNF517.LLMG_RS05610,194
1815,gene_1816,iNF517.LLMG_RS05690,283
1816,gene_1817,iNF517.LLMG_RS05980,354
1817,gene_1818,iNF517.LLMG_RS06000,533
1818,gene_1819,iNF517.LLMG_RS06160,180
1820,gene_1821,iNF517.LLMG_RS06535,216
1821,gene_1822,iNF517.LLMG_RS06550,180
1822,gene_1823,iNF517.LLMG_RS06565,394
1823,gene_1824,iNF517.LLMG_RS06585,375
1824,gene_1825,iNF517.LLMG_RS06750,255
1825,gene_1826,iNF517.LLMG_RS07185,256
1826,gene_1827,iNF517.LLMG_RS07220,186
1827,gene_1828,iNF517.LLMG_RS07320,157
1828,gene_1829,iNF517.LLMG_RS07670,303
1829,gene_1830,iNF517.LLMG_RS07695,197
1830,gene_1831,iNF517.LLMG_RS07700,525
1831,gene_1832,iNF517.LLMG_RS07705,221
1832,gene_1833,iNF517.LLMG_RS07710,379
1833,gene_1834,iNF517.LLMG_RS07905,145
1834,gene_1835,iNF517.LLMG_RS08000,256
1835,gene_1836,iNF517.LLMG_RS08075,130
1836,gene_1837,iNF517.LLMG_RS08165,55
1837,gene_1838,iNF517.LLMG_RS08170,192
1838,gene_1839,iNF517.LLMG_RS08455,265
1840,gene_1841,iNF517.LLMG_RS08710,166
1841,gene_1842,iNF517.LLMG_RS08750,768
1842,gene_1843,iNF517.LLMG_RS08890,473
1843,gene_1844,iNF517.LLMG_RS08925,299
1844,gene_1845,iNF517.LLMG_RS08930,540
1845,gene_1846,iNF517.LLMG_RS08955,242
1846,gene_1847,iNF517.LLMG_RS08965,264
1847,gene_1848,iNF517.LLMG_RS09365,731
1848,gene_1849,iNF517.LLMG_RS09375,140
1849,gene_1850,iNF517.LLMG_RS09380,362
1850,gene_1851,iNF517.LLMG_RS09625,73
1851,gene_1852,iNF517.LLMG_RS09720,292
1852,gene_1853,iNF517.LLMG_RS09735,605
1853,gene_1854,iNF517.LLMG_RS09745,606
1854,gene_1855,iNF517.LLMG_RS09820,150
1855,gene_1856,iNF517.LLMG_RS09915,312
1856,gene_1857,iNF517.LLMG_RS09920,167
1857,gene_1858,iNF517.LLMG_RS10005,302
1858,gene_1859,iNF517.LLMG_RS10780,194
1859,gene_1860,iNF517.LLMG_RS10835,312
1860,gene_1861,iNF517.LLMG_RS10940,254
1861,gene_1862,iNF517.LLMG_RS11000,219
1862,gene_1863,iNF517.LLMG_RS11055,344
1863,gene_1864,iNF517.LLMG_RS11205,434
1864,gene_1865,iNF517.LLMG_RS11210,114
1865,gene_1866,iNF517.LLMG_RS11470,193
1866,gene_1867,iNF517.LLMG_RS11535,239
1867,gene_1868,iNF517.LLMG_RS11965,545
1868,gene_1869,iNF517.LLMG_RS12010,99
1869,gene_1870,iNF517.LLMG_RS12030,76
1870,gene_1871,iNF517.LLMG_RS12210,119
1871,gene_1872,iNF517.LLMG_RS12395,73
1872,gene_1873,iNF517.LLMG_RS12440,255
1873,gene_1874,iNF517.LLMG_RS12590,477
1874,gene_1875,iNF517.LLMG_RS12755,417
1875,gene_1876,iPC815.YPO0045,181
1876,gene_1877,iPC815.YPO0053,149
1877,gene_1878,iPC815.YPO0122,53
1878,gene_1879,iPC815.YPO0138,738
1879,gene_1880,iPC815.YPO0152,258
1880,gene_1881,iPC815.YPO0158,75
1881,gene_1882,iPC815.YPO0239,204
1882,gene_1883,iPC815.YPO0254,238
1883,gene_1884,iPC815.YPO0328,257
1884,gene_1885,iPC815.YPO0411,62
1885,gene_1886,iPC815.YPO0442,42
1886,gene_1887,iPC815.YPO0532,377
1887,gene_1888,iPC815.YPO0557,176
1888,gene_1889,iPC815.YPO0565,48
1889,gene_1890,iPC815.YPO0958,267
1890,gene_1891,iPC815.YPO1073,158
1891,gene_1892,iPC815.YPO1150,291
1892,gene_1893,iPC815.YPO1215,53
1893,gene_1894,iPC815.YPO1332,141
1894,gene_1895,iPC815.YPO1379,246
1895,gene_1896,iPC815.YPO1383,873
1896,gene_1897,iPC815.YPO1389,338
1897,gene_1898,iPC815.YPO1391,157
1898,gene_1899,iPC815.YPO1395,284
1899,gene_1900,iPC815.YPO1508,432
1900,gene_1901,iPC815.YPO1509,46
1901,gene_1902,iPC815.YPO1581,284
1902,gene_1903,iPC815.YPO1597,243
1903,gene_1904,iPC815.YPO1600,43
1904,gene_1905,iPC815.YPO1845,93
1905,gene_1906,iPC815.YPO1913,308
1906,gene_1907,iPC815.YPO1914,238
1907,gene_1908,iPC815.YPO2013,94
1908,gene_1909,iPC815.YPO2046,327
1909,gene_1910,iPC815.YPO2060,86
1910,gene_1911,iPC815.YPO2074,179
1911,gene_1912,iPC815.YPO2167,48
1912,gene_1913,iPC815.YPO2176,157
1913,gene_1914,iPC815.YPO2253,503
1914,gene_1915,iPC815.YPO2254,471
1915,gene_1916,iPC815.YPO2329,303
1916,gene_1917,iPC815.YPO2369,325
1917,gene_1918,iPC815.YPO2421,149
1918,gene_1919,iPC815.YPO2425,146
1919,gene_1920,iPC815.YPO2499,174
1920,gene_1921,iPC815.YPO2512,90
1921,gene_1922,iPC815.YPO2514,92
1922,gene_1923,iPC815.YPO2601,120
1923,gene_1924,iPC815.YPO2612,89
1924,gene_1925,iPC815.YPO2647,114
1925,gene_1926,iPC815.YPO2751,323
1926,gene_1927,iPC815.YPO2828,326
1927,gene_1928,iPC815.YPO2960,92
1928,gene_1929,iPC815.YPO2993,65
1929,gene_1930,iPC815.YPO3012,251
1931,gene_1932,iPC815.YPO3064,117
1932,gene_1933,iPC815.YPO3113,472
1933,gene_1934,iPC815.YPO3115,339
1934,gene_1935,iPC815.YPO3172,95
1935,gene_1936,iPC815.YPO3200,239
1936,gene_1937,iPC815.YPO3270,85
1937,gene_1938,iPC815.YPO3318,304
1938,gene_1939,iPC815.YPO3326,275
1939,gene_1940,iPC815.YPO3334,366
1940,gene_1941,iPC815.YPO3365,362
1941,gene_1942,iPC815.YPO3366,404
1942,gene_1943,iPC815.YPO3380,46
1943,gene_1944,iPC815.YPO3389,478
1944,gene_1945,iPC815.YPO3408,171
1945,gene_1946,iPC815.YPO3446,377
1946,gene_1947,iPC815.YPO3454,288
1947,gene_1948,iPC815.YPO3455,121
1948,gene_1949,iPC815.YPO3627,92
1949,gene_1950,iPC815.YPO3718,299
1950,gene_1951,iPC815.YPO3736,116
1951,gene_1952,iPC815.YPO3786,189
1953,gene_1954,iPC815.YPO3806,152
1954,gene_1955,iPC815.YPO3849,220
1955,gene_1956,iPC815.YPO3859,456
1956,gene_1957,iPC815.YPO3861,367
1957,gene_1958,iPC815.YPO3868,67
1958,gene_1959,iPC815.YPO3906,220
1959,gene_1960,iPC815.YPO3907,474
1960,gene_1961,iPC815.YPO3908,193
1961,gene_1962,iPC815.YPO3938,528
1962,gene_1963,iPC815.YPO3942,614
1963,gene_1964,iPC815.YPO3954,70
1964,gene_1965,iPC815.YPO3964,420
1965,gene_1966,iPC815.YPO4000,194
1966,gene_1967,iPC815.YPO4003,90
1967,gene_1968,iPC815.YPO4035,174
1968,gene_1969,iPC815.YPO4036,404
1969,gene_1970,iPC815.YPO4037,248
1970,gene_1971,iPC815.YPO4039,47
1972,gene_1973,iPC815.YPO4121,597
1973,gene_1974,iPC815.YPO4124,50
1974,gene_1975,iSDY_1059.SDY_0059,177
1975,gene_1976,iSDY_1059.SDY_0088,280
1976,gene_1977,iSDY_1059.SDY_0089,513
1977,gene_1978,iSDY_1059.SDY_0090,459
1978,gene_1979,iSDY_1059.SDY_0107,224
1979,gene_1980,iSDY_1059.SDY_0170,479
1980,gene_1981,iSDY_1059.SDY_0218,280
1981,gene_1982,iSDY_1059.SDY_0356,279
1982,gene_1983,iSDY_1059.SDY_0504,107
1983,gene_1984,iSDY_1059.SDY_0554,119
1984,gene_1985,iSDY_1059.SDY_0740,132
1985,gene_1986,iSDY_1059.SDY_0755,185
1986,gene_1987,iSDY_1059.SDY_0756,196
1987,gene_1988,iSDY_1059.SDY_0758,194
1988,gene_1989,iSDY_1059.SDY_0760,223
1989,gene_1990,iSDY_1059.SDY_0761,79
1990,gene_1991,iSDY_1059.SDY_0785,95
1991,gene_1992,iSDY_1059.SDY_0787,220
1992,gene_1993,iSDY_1059.SDY_0823,145
1993,gene_1994,iSDY_1059.SDY_0828,100
1994,gene_1995,iSDY_1059.SDY_0832,288
1995,gene_1996,iSDY_1059.SDY_0943,48
1996,gene_1997,iSDY_1059.SDY_0990,355
1997,gene_1998,iSDY_1059.SDY_1098,99
1998,gene_1999,iSDY_1059.SDY_1121,60
1999,gene_2000,iSDY_1059.SDY_1145,86
2000,gene_2001,iSDY_1059.SDY_1180,336
2001,gene_2002,iSDY_1059.SDY_1256,97
2003,gene_2004,iSDY_1059.SDY_1304,323
2004,gene_2005,iSDY_1059.SDY_1305,248
2006,gene_2007,iSDY_1059.SDY_1464,300
2007,gene_2008,iSDY_1059.SDY_1474,274
2008,gene_2009,iSDY_1059.SDY_1516,44
2009,gene_2010,iSDY_1059.SDY_1709,182
2010,gene_2011,iSDY_1059.SDY_1806,144
2011,gene_2012,iSDY_1059.SDY_1860,333
2012,gene_2013,iSDY_1059.SDY_1936,59
2013,gene_2014,iSDY_1059.SDY_2026,95
2014,gene_2015,iSDY_1059.SDY_2027,222
2015,gene_2016,iSDY_1059.SDY_2056,71
2017,gene_2018,iSDY_1059.SDY_2206,389
2018,gene_2019,iSDY_1059.SDY_2213,494
2019,gene_2020,iSDY_1059.SDY_2233,54
2020,gene_2021,iSDY_1059.SDY_2240,47
2021,gene_2022,iSDY_1059.SDY_2320,56
2022,gene_2023,iSDY_1059.SDY_2344,277
2023,gene_2024,iSDY_1059.SDY_2348,164
2024,gene_2025,iSDY_1059.SDY_2358,880
2025,gene_2026,iSDY_1059.SDY_2368,233
2027,gene_2028,iSDY_1059.SDY_2486,540
2028,gene_2029,iSDY_1059.SDY_2508,75
2029,gene_2030,iSDY_1059.SDY_2509,73
2030,gene_2031,iSDY_1059.SDY_2528,325
2031,gene_2032,iSDY_1059.SDY_2558,280
2032,gene_2033,iSDY_1059.SDY_2577,283
2033,gene_2034,iSDY_1059.SDY_2608,311
2034,gene_2035,iSDY_1059.SDY_2618,249
2035,gene_2036,iSDY_1059.SDY_2669,120
2036,gene_2037,iSDY_1059.SDY_2688,323
2038,gene_2039,iSDY_1059.SDY_2725,133
2039,gene_2040,iSDY_1059.SDY_2825,93
2040,gene_2041,iSDY_1059.SDY_2837,82
2041,gene_2042,iSDY_1059.SDY_2887,95
2042,gene_2043,iSDY_1059.SDY_2907,155
2043,gene_2044,iSDY_1059.SDY_2950,368
2044,gene_2045,iSDY_1059.SDY_2951,399
2046,gene_2047,iSDY_1059.SDY_3001,48
2047,gene_2048,iSDY_1059.SDY_3016,431
2048,gene_2049,iSDY_1059.SDY_3020,721
2049,gene_2050,iSDY_1059.SDY_3073,84
2050,gene_2051,iSDY_1059.SDY_3200,63
2051,gene_2052,iSDY_1059.SDY_3319,395
2052,gene_2053,iSDY_1059.SDY_3382,142
2053,gene_2054,iSDY_1059.SDY_3466,203
2055,gene_2056,iSDY_1059.SDY_3574,530
2056,gene_2057,iSDY_1059.SDY_3578,583
2057,gene_2058,iSDY_1059.SDY_3587,276
2058,gene_2059,iSDY_1059.SDY_3603,107
2059,gene_2060,iSDY_1059.SDY_3605,153
2060,gene_2061,iSDY_1059.SDY_3632,221
2061,gene_2062,iSDY_1059.SDY_3633,183
2062,gene_2063,iSDY_1059.SDY_3673,730
2063,gene_2064,iSDY_1059.SDY_3690,245
2064,gene_2065,iSDY_1059.SDY_3694,99
2065,gene_2066,iSDY_1059.SDY_3730,130
2066,gene_2067,iSDY_1059.SDY_3818,655
2067,gene_2068,iSDY_1059.SDY_3830,390
2068,gene_2069,iSDY_1059.SDY_3844,253
2070,gene_2071,iSDY_1059.SDY_3908,162
2071,gene_2072,iSDY_1059.SDY_3910,42
2072,gene_2073,iSDY_1059.SDY_3912,180
2073,gene_2074,iSDY_1059.SDY_3941,204
2074,gene_2075,iSDY_1059.SDY_3957,478
2075,gene_2076,iSDY_1059.SDY_3959,362
2076,gene_2077,iSDY_1059.SDY_3968,96
2077,gene_2078,iSDY_1059.SDY_4013,48
2078,gene_2079,iSDY_1059.SDY_4016,596
2080,gene_2081,iSDY_1059.SDY_4064,152
2081,gene_2082,iSDY_1059.SDY_4073,175
2082,gene_2083,iSDY_1059.SDY_4226,294
2083,gene_2084,iSDY_1059.SDY_4256,119
2084,gene_2085,iSDY_1059.SDY_4257,303
2086,gene_2087,iSDY_1059.SDY_4367,302
2087,gene_2088,iSDY_1059.SDY_4563,189
2088,gene_2089,iSDY_1059.SDY_4564,197
2089,gene_2090,iSDY_1059.SDY_4656,77
2090,gene_2091,iSF_1195.SF0034,180
2091,gene_2092,iSF_1195.SF0056,278
2094,gene_2095,iSF_1195.SF0072,239
2095,gene_2096,iSF_1195.SF0146,473
2096,gene_2097,iSF_1195.SF0190,279
2097,gene_2098,iSF_1195.SF0252,149
2098,gene_2099,iSF_1195.SF0322,279
2099,gene_2100,iSF_1195.SF0340,266
2100,gene_2101,iSF_1195.SF0450,227
2101,gene_2102,iSF_1195.SF0538,87
2102,gene_2103,iSF_1195.SF0643,59
2103,gene_2104,iSF_1195.SF0649,120
2104,gene_2105,iSF_1195.SF0725,286
2105,gene_2106,iSF_1195.SF0728,102
2106,gene_2107,iSF_1195.SF0733,145
2107,gene_2108,iSF_1195.SF0760,219
2108,gene_2109,iSF_1195.SF0762,94
2109,gene_2110,iSF_1195.SF0772,73
2110,gene_2111,iSF_1195.SF0776,79
2111,gene_2112,iSF_1195.SF0777,221
2112,gene_2113,iSF_1195.SF0779,192
2113,gene_2114,iSF_1195.SF0781,195
2114,gene_2115,iSF_1195.SF0809,132
2116,gene_2117,iSF_1195.SF0898,879
2117,gene_2118,iSF_1195.SF0906,160
2118,gene_2119,iSF_1195.SF0910,282
2120,gene_2121,iSF_1195.SF0969,50
2121,gene_2122,iSF_1195.SF1098,74
2122,gene_2123,iSF_1195.SF1127,221
2123,gene_2124,iSF_1195.SF1128,97
2124,gene_2125,iSF_1195.SF1210,97
2126,gene_2127,iSF_1195.SF1244,292
2127,gene_2128,iSF_1195.SF1247,323
2128,gene_2129,iSF_1195.SF1248,249
2130,gene_2131,iSF_1195.SF1313,59
2131,gene_2132,iSF_1195.SF1423,182
2132,gene_2133,iSF_1195.SF1520,144
2133,gene_2134,iSF_1195.SF1529,187
2134,gene_2135,iSF_1195.SF1584,59
2135,gene_2136,iSF_1195.SF1723,273
2136,gene_2137,iSF_1195.SF1917,333
2137,gene_2138,iSF_1195.SF1962,95
2138,gene_2139,iSF_1195.SF2061,46
2139,gene_2140,iSF_1195.SF2102,389
2142,gene_2143,iSF_1195.SF2234,443
2143,gene_2144,iSF_1195.SF2333,150
2144,gene_2145,iSF_1195.SF2366,539
2145,gene_2146,iSF_1195.SF2405,321
2146,gene_2147,iSF_1195.SF2430,247
2147,gene_2148,iSF_1195.SF2445,284
2148,gene_2149,iSF_1195.SF2466,313
2149,gene_2150,iSF_1195.SF2523,120
2150,gene_2151,iSF_1195.SF2543,323
2151,gene_2152,iSF_1195.SF2545,43
2152,gene_2153,iSF_1195.SF2576,132
2153,gene_2154,iSF_1195.SF2640,73
2154,gene_2155,iSF_1195.SF2644,93
2155,gene_2156,iSF_1195.SF2717,103
2156,gene_2157,iSF_1195.SF2733,161
2157,gene_2158,iSF_1195.SF2774,363
2158,gene_2159,iSF_1195.SF2775,401
2160,gene_2161,iSF_1195.SF2797,45
2162,gene_2163,iSF_1195.SF2813,427
2163,gene_2164,iSF_1195.SF2816,725
2164,gene_2165,iSF_1195.SF2868,690
2165,gene_2166,iSF_1195.SF2869,209
2166,gene_2167,iSF_1195.SF2870,175
2167,gene_2168,iSF_1195.SF2945,163
2168,gene_2169,iSF_1195.SF3047,373
2169,gene_2170,iSF_1195.SF3080,62
2170,gene_2171,iSF_1195.SF3162,403
2171,gene_2172,iSF_1195.SF3241,142
2172,gene_2173,iSF_1195.SF3321,204
2174,gene_2175,iSF_1195.SF3403,101
2175,gene_2176,iSF_1195.SF3407,245
2176,gene_2177,iSF_1195.SF3422,732
2178,gene_2179,iSF_1195.SF3455,586
2179,gene_2180,iSF_1195.SF3458,268
2180,gene_2181,iSF_1195.SF3472,107
2181,gene_2182,iSF_1195.SF3474,153
2182,gene_2183,iSF_1195.SF3494,88
2183,gene_2184,iSF_1195.SF3495,221
2184,gene_2185,iSF_1195.SF3496,184
2185,gene_2186,iSF_1195.SF3575,188
2186,gene_2187,iSF_1195.SF3576,192
2187,gene_2188,iSF_1195.SF3579,94
2188,gene_2189,iSF_1195.SF3610,235
2189,gene_2190,iSF_1195.SF3611,407
2190,gene_2191,iSF_1195.SF3612,172
2191,gene_2192,iSF_1195.SF3619,311
2192,gene_2193,iSF_1195.SF3673,154
2193,gene_2194,iSF_1195.SF3681,176
2194,gene_2195,iSF_1195.SF3812,596
2195,gene_2196,iSF_1195.SF3854,96
2196,gene_2197,iSF_1195.SF3863,365
2197,gene_2198,iSF_1195.SF3865,456
2198,gene_2199,iSF_1195.SF3877,202
2199,gene_2200,iSF_1195.SF3909,179
2200,gene_2201,iSF_1195.SF3911,42
2201,gene_2202,iSF_1195.SF3913,162
2204,gene_2205,iSF_1195.SF4068,129
2205,gene_2206,iSF_1195.SF4088,369
2206,gene_2207,iSF_1195.SF4137,225
2207,gene_2208,iSF_1195.SF4180,291
2209,gene_2210,iSF_1195.SF4252,302
2210,gene_2211,iSF_1195.SF4253,119
2211,gene_2212,iSF_1195.SF4260,178
2212,gene_2213,iSF_1195.SF4261,217
2213,gene_2214,iSF_1195.SF4262,480
2215,gene_2216,iSF_1195.SF4352,216
2216,gene_2217,iSF_1195.SF4353,304
2217,gene_2218,iSF_1195.SF4379,125
2218,gene_2219,iSF_1195.SF4427,70
2219,gene_2220,iSSON_1240.SSON_0043,184
2220,gene_2221,iSSON_1240.SSON_0067,278
2221,gene_2222,iSSON_1240.SSON_0068,518
2222,gene_2223,iSSON_1240.SSON_0069,461
2224,gene_2225,iSSON_1240.SSON_0084,230
2225,gene_2226,iSSON_1240.SSON_0100,175
2226,gene_2227,iSSON_1240.SSON_0107,48
2227,gene_2228,iSSON_1240.SSON_0166,483
2228,gene_2229,iSSON_1240.SSON_0213,280
2229,gene_2230,iSSON_1240.SSON_0344,150
2230,gene_2231,iSSON_1240.SSON_0362,271
2231,gene_2232,iSSON_1240.SSON_0380,262
2233,gene_2234,iSSON_1240.SSON_0586,119
2234,gene_2235,iSSON_1240.SSON_0604,271
2235,gene_2236,iSSON_1240.SSON_0753,289
2236,gene_2237,iSSON_1240.SSON_0757,101
2237,gene_2238,iSSON_1240.SSON_0762,144
2238,gene_2239,iSSON_1240.SSON_0789,220
2239,gene_2240,iSSON_1240.SSON_0791,94
2240,gene_2241,iSSON_1240.SSON_0804,74
2241,gene_2242,iSSON_1240.SSON_0809,216
2242,gene_2243,iSSON_1240.SSON_0811,194
2243,gene_2244,iSSON_1240.SSON_0813,196
2244,gene_2245,iSSON_1240.SSON_0814,189
2245,gene_2246,iSSON_1240.SSON_0840,134
2247,gene_2248,iSSON_1240.SSON_0894,236
2248,gene_2249,iSSON_1240.SSON_0904,880
2249,gene_2250,iSSON_1240.SSON_0912,161
2250,gene_2251,iSSON_1240.SSON_0916,281
2252,gene_2253,iSSON_1240.SSON_0973,48
2253,gene_2254,iSSON_1240.SSON_1035,345
2254,gene_2255,iSSON_1240.SSON_1113,69
2255,gene_2256,iSSON_1240.SSON_1114,74
2256,gene_2257,iSSON_1240.SSON_1143,221
2257,gene_2258,iSSON_1240.SSON_1144,95
2258,gene_2259,iSSON_1240.SSON_1199,102
2259,gene_2260,iSSON_1240.SSON_1242,333
2260,gene_2261,iSSON_1240.SSON_1356,180
2261,gene_2262,iSSON_1240.SSON_1447,144
2262,gene_2263,iSSON_1240.SSON_1461,272
2263,gene_2264,iSSON_1240.SSON_1519,332
2264,gene_2265,iSSON_1240.SSON_1637,161
2265,gene_2266,iSSON_1240.SSON_1639,208
2266,gene_2267,iSSON_1240.SSON_1744,304
2267,gene_2268,iSSON_1240.SSON_1832,60
2268,gene_2269,iSSON_1240.SSON_1933,201
2269,gene_2270,iSSON_1240.SSON_1934,210
2270,gene_2271,iSSON_1240.SSON_1971,97
2271,gene_2272,iSSON_1240.SSON_2054,46
2272,gene_2273,iSSON_1240.SSON_2071,358
2273,gene_2274,iSSON_1240.SSON_2099,498
2275,gene_2276,iSSON_1240.SSON_2106,276
2276,gene_2277,iSSON_1240.SSON_2205,443
2279,gene_2280,iSSON_1240.SSON_2306,134
2280,gene_2281,iSSON_1240.SSON_2314,209
2281,gene_2282,iSSON_1240.SSON_2315,150
2282,gene_2283,iSSON_1240.SSON_2347,541
2284,gene_2285,iSSON_1240.SSON_2387,322
2285,gene_2286,iSSON_1240.SSON_2454,251
2286,gene_2287,iSSON_1240.SSON_2470,291
2287,gene_2288,iSSON_1240.SSON_2500,309
2288,gene_2289,iSSON_1240.SSON_2511,248
2289,gene_2290,iSSON_1240.SSON_2561,119
2290,gene_2291,iSSON_1240.SSON_2581,323
2291,gene_2292,iSSON_1240.SSON_2611,133
2292,gene_2293,iSSON_1240.SSON_2708,90
2294,gene_2295,iSSON_1240.SSON_2834,96
2295,gene_2296,iSSON_1240.SSON_2854,155
2296,gene_2297,iSSON_1240.SSON_2899,369
2297,gene_2298,iSSON_1240.SSON_2900,401
2298,gene_2299,iSSON_1240.SSON_2936,477
2299,gene_2300,iSSON_1240.SSON_2941,45
2300,gene_2301,iSSON_1240.SSON_2944,609
2301,gene_2302,iSSON_1240.SSON_2956,427
2302,gene_2303,iSSON_1240.SSON_3017,684
2303,gene_2304,iSSON_1240.SSON_3018,202
2304,gene_2305,iSSON_1240.SSON_3019,178
2305,gene_2306,iSSON_1240.SSON_3025,400
2307,gene_2308,iSSON_1240.SSON_3108,160
2308,gene_2309,iSSON_1240.SSON_3145,374
2309,gene_2310,iSSON_1240.SSON_3177,62
2311,gene_2312,iSSON_1240.SSON_3349,142
2313,gene_2314,iSSON_1240.SSON_3430,196
2314,gene_2315,iSSON_1240.SSON_3503,73
2315,gene_2316,iSSON_1240.SSON_3505,138
2316,gene_2317,iSSON_1240.SSON_3516,100
2317,gene_2318,iSSON_1240.SSON_3520,246
2318,gene_2319,iSSON_1240.SSON_3534,733
2319,gene_2320,iSSON_1240.SSON_3549,502
2320,gene_2321,iSSON_1240.SSON_3672,588
2321,gene_2322,iSSON_1240.SSON_3678,277
2322,gene_2323,iSSON_1240.SSON_3692,107
2323,gene_2324,iSSON_1240.SSON_3694,152
2325,gene_2326,iSSON_1240.SSON_3715,221
2326,gene_2327,iSSON_1240.SSON_3716,184
2327,gene_2328,iSSON_1240.SSON_3764,167
2328,gene_2329,iSSON_1240.SSON_3773,156
2329,gene_2330,iSSON_1240.SSON_3782,114
2331,gene_2332,iSSON_1240.SSON_3846,94
2332,gene_2333,iSSON_1240.SSON_3849,201
2333,gene_2334,iSSON_1240.SSON_3850,197
2334,gene_2335,iSSON_1240.SSON_3887,596
2335,gene_2336,iSSON_1240.SSON_3952,95
2337,gene_2338,iSSON_1240.SSON_3961,362
2338,gene_2339,iSSON_1240.SSON_3963,457
2339,gene_2340,iSSON_1240.SSON_3977,201
2340,gene_2341,iSSON_1240.SSON_4006,189
2341,gene_2342,iSSON_1240.SSON_4008,42
2342,gene_2343,iSSON_1240.SSON_4010,162
2343,gene_2344,iSSON_1240.SSON_4029,50
2344,gene_2345,iSSON_1240.SSON_4072,256
2345,gene_2346,iSSON_1240.SSON_4086,390
2346,gene_2347,iSSON_1240.SSON_4095,653
2347,gene_2348,iSSON_1240.SSON_4169,128
2348,gene_2349,iSSON_1240.SSON_4203,293
2349,gene_2350,iSSON_1240.SSON_4258,228
2350,gene_2351,iSSON_1240.SSON_4346,111
2351,gene_2352,iSSON_1240.SSON_4379,216
2352,gene_2353,iSSON_1240.SSON_4380,300
2353,gene_2354,iSSON_1240.SSON_4409,186
2354,gene_2355,iSSON_1240.SSON_4410,486
2355,gene_2356,iSSON_1240.SSON_4411,218
2356,gene_2357,iSSON_1240.SSON_4412,195
2357,gene_2358,iSSON_1240.SSON_4418,123
2358,gene_2359,iSSON_1240.SSON_4419,301
2360,gene_2361,iSSON_1240.SSON_4504,178
2361,gene_2362,iSSON_1240.SSON_4545,78
2362,gene_2363,iSbBS512_1146.SbBS512_E0053,279
2363,gene_2364,iSbBS512_1146.SbBS512_E0054,512
2366,gene_2367,iSbBS512_1146.SbBS512_E0146,482
2367,gene_2368,iSbBS512_1146.SbBS512_E0193,280
2368,gene_2369,iSbBS512_1146.SbBS512_E0279,149
2369,gene_2370,iSbBS512_1146.SbBS512_E0303,277
2370,gene_2371,iSbBS512_1146.SbBS512_E0528,102
2371,gene_2372,iSbBS512_1146.SbBS512_E0599,271
2372,gene_2373,iSbBS512_1146.SbBS512_E0817,100
2374,gene_2375,iSbBS512_1146.SbBS512_E1047,101
2376,gene_2377,iSbBS512_1146.SbBS512_E1181,54
2377,gene_2378,iSbBS512_1146.SbBS512_E1194,392
2378,gene_2379,iSbBS512_1146.SbBS512_E1203,501
2379,gene_2380,iSbBS512_1146.SbBS512_E1304,98
2380,gene_2381,iSbBS512_1146.SbBS512_E1371,99
2382,gene_2383,iSbBS512_1146.SbBS512_E1415,323
2383,gene_2384,iSbBS512_1146.SbBS512_E1416,249
2385,gene_2386,iSbBS512_1146.SbBS512_E1544,60
2388,gene_2389,iSbBS512_1146.SbBS512_E1748,182
2389,gene_2390,iSbBS512_1146.SbBS512_E1750,160
2390,gene_2391,iSbBS512_1146.SbBS512_E1829,332
2391,gene_2392,iSbBS512_1146.SbBS512_E1896,275
2392,gene_2393,iSbBS512_1146.SbBS512_E1904,191
2393,gene_2394,iSbBS512_1146.SbBS512_E2065,177
2394,gene_2395,iSbBS512_1146.SbBS512_E2169,337
2395,gene_2396,iSbBS512_1146.SbBS512_E2230,74
2396,gene_2397,iSbBS512_1146.SbBS512_E2231,69
2397,gene_2398,iSbBS512_1146.SbBS512_E2302,343
2398,gene_2399,iSbBS512_1146.SbBS512_E2346,48
2399,gene_2400,iSbBS512_1146.SbBS512_E2410,282
2400,gene_2401,iSbBS512_1146.SbBS512_E2418,160
2401,gene_2402,iSbBS512_1146.SbBS512_E2425,880
2402,gene_2403,iSbBS512_1146.SbBS512_E2435,234
2403,gene_2404,iSbBS512_1146.SbBS512_E2476,134
2404,gene_2405,iSbBS512_1146.SbBS512_E2516,189
2405,gene_2406,iSbBS512_1146.SbBS512_E2517,193
2406,gene_2407,iSbBS512_1146.SbBS512_E2519,194
2407,gene_2408,iSbBS512_1146.SbBS512_E2521,216
2408,gene_2409,iSbBS512_1146.SbBS512_E2526,76
2409,gene_2410,iSbBS512_1146.SbBS512_E2537,94
2410,gene_2411,iSbBS512_1146.SbBS512_E2539,219
2411,gene_2412,iSbBS512_1146.SbBS512_E2569,145
2412,gene_2413,iSbBS512_1146.SbBS512_E2574,100
2413,gene_2414,iSbBS512_1146.SbBS512_E2578,288
2414,gene_2415,iSbBS512_1146.SbBS512_E2623,48
2415,gene_2416,iSbBS512_1146.SbBS512_E2666,541
2417,gene_2418,iSbBS512_1146.SbBS512_E2688,73
2418,gene_2419,iSbBS512_1146.SbBS512_E2707,322
2419,gene_2420,iSbBS512_1146.SbBS512_E2748,287
2420,gene_2421,iSbBS512_1146.SbBS512_E2794,248
2421,gene_2422,iSbBS512_1146.SbBS512_E2852,120
2422,gene_2423,iSbBS512_1146.SbBS512_E2873,327
2423,gene_2424,iSbBS512_1146.SbBS512_E2904,131
2424,gene_2425,iSbBS512_1146.SbBS512_E2954,93
2425,gene_2426,iSbBS512_1146.SbBS512_E2975,83
2426,gene_2427,iSbBS512_1146.SbBS512_E3089,45
2427,gene_2428,iSbBS512_1146.SbBS512_E3094,479
2428,gene_2429,iSbBS512_1146.SbBS512_E3122,400
2429,gene_2430,iSbBS512_1146.SbBS512_E3123,368
2430,gene_2431,iSbBS512_1146.SbBS512_E3167,152
2431,gene_2432,iSbBS512_1146.SbBS512_E3186,100
2432,gene_2433,iSbBS512_1146.SbBS512_E3233,401
2433,gene_2434,iSbBS512_1146.SbBS512_E3386,160
2434,gene_2435,iSbBS512_1146.SbBS512_E3430,370
2435,gene_2436,iSbBS512_1146.SbBS512_E3472,65
2437,gene_2438,iSbBS512_1146.SbBS512_E3569,142
2438,gene_2439,iSbBS512_1146.SbBS512_E3674,196
2440,gene_2441,iSbBS512_1146.SbBS512_E3762,102
2441,gene_2442,iSbBS512_1146.SbBS512_E3766,248
2442,gene_2443,iSbBS512_1146.SbBS512_E3782,732
2443,gene_2444,iSbBS512_1146.SbBS512_E3798,504
2444,gene_2445,iSbBS512_1146.SbBS512_E3843,183
2445,gene_2446,iSbBS512_1146.SbBS512_E3844,221
2446,gene_2447,iSbBS512_1146.SbBS512_E3866,152
2447,gene_2448,iSbBS512_1146.SbBS512_E3868,107
2449,gene_2450,iSbBS512_1146.SbBS512_E3892,582
2450,gene_2451,iSbBS512_1146.SbBS512_E3947,310
2451,gene_2452,iSbBS512_1146.SbBS512_E3954,172
2452,gene_2453,iSbBS512_1146.SbBS512_E3955,412
2453,gene_2454,iSbBS512_1146.SbBS512_E3956,236
2454,gene_2455,iSbBS512_1146.SbBS512_E4050,82
2455,gene_2456,iSbBS512_1146.SbBS512_E4059,156
2456,gene_2457,iSbBS512_1146.SbBS512_E4067,174
2457,gene_2458,iSbBS512_1146.SbBS512_E4130,455
2458,gene_2459,iSbBS512_1146.SbBS512_E4132,365
2459,gene_2460,iSbBS512_1146.SbBS512_E4140,96
2460,gene_2461,iSbBS512_1146.SbBS512_E4189,598
2461,gene_2462,iSbBS512_1146.SbBS512_E4264,218
2462,gene_2463,iSbBS512_1146.SbBS512_E4303,180
2463,gene_2464,iSbBS512_1146.SbBS512_E4305,42
2464,gene_2465,iSbBS512_1146.SbBS512_E4307,156
2465,gene_2466,iSbBS512_1146.SbBS512_E4329,50
2466,gene_2467,iSbBS512_1146.SbBS512_E4397,390
2467,gene_2468,iSbBS512_1146.SbBS512_E4408,653
2468,gene_2469,iSbBS512_1146.SbBS512_E4487,120
2469,gene_2470,iSbBS512_1146.SbBS512_E4530,293
2470,gene_2471,iSbBS512_1146.SbBS512_E4598,228
2471,gene_2472,iSbBS512_1146.SbBS512_E4693,111
2472,gene_2473,iSbBS512_1146.SbBS512_E4727,215
2473,gene_2474,iSbBS512_1146.SbBS512_E4728,298
2474,gene_2475,iSbBS512_1146.SbBS512_E4846,300
2475,gene_2476,iSbBS512_1146.SbBS512_E4847,119
2476,gene_2477,iSbBS512_1146.SbBS512_E4853,194
2477,gene_2478,iSbBS512_1146.SbBS512_E4854,221
2478,gene_2479,iSbBS512_1146.SbBS512_E4856,189
2479,gene_2480,iSbBS512_1146.SbBS512_E4898,178
2480,gene_2481,iSbBS512_1146.SbBS512_E4944,70
2481,gene_2482,iSynCJ816.SGL_RS01940,166
2482,gene_2483,iSynCJ816.SGL_RS02245,81
2483,gene_2484,iSynCJ816.SGL_RS02635,46
2484,gene_2485,iSynCJ816.SGL_RS02645,156
2485,gene_2486,iSynCJ816.SGL_RS02675,546
2486,gene_2487,iSynCJ816.SGL_RS02695,46
2487,gene_2488,iSynCJ816.SGL_RS02895,559
2488,gene_2489,iSynCJ816.SGL_RS03010,445
2489,gene_2490,iSynCJ816.SGL_RS03075,87
2491,gene_2492,iSynCJ816.SGL_RS03410,273
2492,gene_2493,iSynCJ816.SGL_RS03545,343
2493,gene_2494,iSynCJ816.SGL_RS04160,1563
2494,gene_2495,iSynCJ816.SGL_RS04480,778
2495,gene_2496,iSynCJ816.SGL_RS04625,137
2496,gene_2497,iSynCJ816.SGL_RS05125,58
2497,gene_2498,iSynCJ816.SGL_RS05565,244
2498,gene_2499,iSynCJ816.SGL_RS05700,342
2499,gene_2500,iSynCJ816.SGL_RS05885,277
2500,gene_2501,iSynCJ816.SGL_RS06190,340
2501,gene_2502,iSynCJ816.SGL_RS06580,231
2502,gene_2503,iSynCJ816.SGL_RS06730,69
2503,gene_2504,iSynCJ816.SGL_RS06895,754
2504,gene_2505,iSynCJ816.SGL_RS07100,749
2505,gene_2506,iSynCJ816.SGL_RS07160,468
2506,gene_2507,iSynCJ816.SGL_RS07245,210
2507,gene_2508,iSynCJ816.SGL_RS07710,204
2508,gene_2509,iSynCJ816.SGL_RS08250,165
2509,gene_2510,iSynCJ816.SGL_RS08440,41
2510,gene_2511,iSynCJ816.SGL_RS08455,122
2511,gene_2512,iSynCJ816.SGL_RS08610,43
2512,gene_2513,iSynCJ816.SGL_RS08770,38
2513,gene_2514,iSynCJ816.SGL_RS09310,63
2514,gene_2515,iSynCJ816.SGL_RS09325,275
2515,gene_2516,iSynCJ816.SGL_RS09600,246
2516,gene_2517,iSynCJ816.SGL_RS09640,125
2517,gene_2518,iSynCJ816.SGL_RS09705,572
2518,gene_2519,iSynCJ816.SGL_RS10105,163
2519,gene_2520,iSynCJ816.SGL_RS10250,325
2520,gene_2521,iSynCJ816.SGL_RS10925,549
2521,gene_2522,iSynCJ816.SGL_RS10930,784
2522,gene_2523,iSynCJ816.SGL_RS11340,191
2523,gene_2524,iSynCJ816.SGL_RS11685,43
2524,gene_2525,iSynCJ816.SGL_RS11755,399
2525,gene_2526,iSynCJ816.SGL_RS11800,55
2526,gene_2527,iSynCJ816.SGL_RS11925,646
2527,gene_2528,iSynCJ816.SGL_RS12820,635
2529,gene_2530,iSynCJ816.SGL_RS13120,410
2530,gene_2531,iSynCJ816.SGL_RS13365,43
2532,gene_2533,iSynCJ816.SGL_RS13525,64
2533,gene_2534,iSynCJ816.SGL_RS13735,99
2534,gene_2535,iSynCJ816.SGL_RS13805,466
2535,gene_2536,iSynCJ816.SGL_RS13880,200
2536,gene_2537,iSynCJ816.SGL_RS13900,69
2537,gene_2538,iSynCJ816.SGL_RS14120,334
2538,gene_2539,iSynCJ816.SGL_RS14425,60
2539,gene_2540,iSynCJ816.SGL_RS14820,60
2540,gene_2541,iSynCJ816.SGL_RS14930,234
2541,gene_2542,iSynCJ816.SGL_RS14955,157
2542,gene_2543,iSynCJ816.SGL_RS15145,336
2543,gene_2544,iSynCJ816.SGL_RS15225,159
2544,gene_2545,iSynCJ816.SGL_RS15325,295
2545,gene_2546,iSynCJ816.SGL_RS15330,191
2546,gene_2547,iSynCJ816.SGL_RS15350,63
2547,gene_2548,iSynCJ816.SGL_RS15740,232
2548,gene_2549,iSynCJ816.SGL_RS15845,607
2549,gene_2550,iSynCJ816.SGL_RS16080,48
2550,gene_2551,iSynCJ816.SGL_RS16100,580
2551,gene_2552,iSynCJ816.SGL_RS16190,81
2552,gene_2553,iSynCJ816.SGL_RS16430,255
2553,gene_2554,iSynCJ816.SGL_RS16435,148
2554,gene_2555,iSynCJ816.SGL_RS16580,226
2555,gene_2556,iSynCJ816.SGL_RS16585,237
2556,gene_2557,iSynCJ816.SGL_RS16700,216
2557,gene_2558,iSynCJ816.SGL_RS16805,183
2558,gene_2559,iSynCJ816.SGL_RS17160,265
2559,gene_2560,iSynCJ816.SGL_RS17200,233
2560,gene_2561,iSynCJ816.SGL_RS17215,405
2561,gene_2562,iSynCJ816.SGL_RS17635,367
2562,gene_2563,iSynCJ816.SGL_RS17655,46
2563,gene_2564,iSynCJ816.SGL_RS17805,242
2564,gene_2565,iSynCJ816.SGL_RS17890,171
2565,gene_2566,iSynCJ816.SGL_RS18145,46
2566,gene_2567,iYL1228.KPN_00020,177
2567,gene_2568,iYL1228.KPN_00030,352
2568,gene_2569,iYL1228.KPN_00031,435
2569,gene_2570,iYL1228.KPN_00060,276
2570,gene_2571,iYL1228.KPN_00061,520
2571,gene_2572,iYL1228.KPN_00075,322
2572,gene_2573,iYL1228.KPN_00079,376
2573,gene_2574,iYL1228.KPN_00082,219
2574,gene_2575,iYL1228.KPN_00133,171
2575,gene_2576,iYL1228.KPN_00169,478
2576,gene_2577,iYL1228.KPN_00213,278
2577,gene_2578,iYL1228.KPN_00233,75
2578,gene_2579,iYL1228.KPN_00312,154
2579,gene_2580,iYL1228.KPN_00313,123
2580,gene_2581,iYL1228.KPN_00329,266
2581,gene_2582,iYL1228.KPN_00344,258
2582,gene_2583,iYL1228.KPN_00408,94
2583,gene_2584,iYL1228.KPN_00440,139
2584,gene_2585,iYL1228.KPN_00514,355
2586,gene_2587,iYL1228.KPN_00664,119
2588,gene_2589,iYL1228.KPN_00799,278
2589,gene_2590,iYL1228.KPN_00803,98
2590,gene_2591,iYL1228.KPN_00838,221
2591,gene_2592,iYL1228.KPN_00840,90
2592,gene_2593,iYL1228.KPN_00862,191
2593,gene_2594,iYL1228.KPN_00864,194
2594,gene_2595,iYL1228.KPN_00865,183
2595,gene_2596,iYL1228.KPN_00886,137
2596,gene_2597,iYL1228.KPN_00925,238
2597,gene_2598,iYL1228.KPN_00930,102
2598,gene_2599,iYL1228.KPN_00931,864
2599,gene_2600,iYL1228.KPN_00937,161
2600,gene_2601,iYL1228.KPN_00941,283
2601,gene_2602,iYL1228.KPN_00986,48
2602,gene_2603,iYL1228.KPN_01042,345
2603,gene_2604,iYL1228.KPN_01092,71
2604,gene_2605,iYL1228.KPN_01131,221
2605,gene_2606,iYL1228.KPN_01132,93
2606,gene_2607,iYL1228.KPN_01211,47
2607,gene_2608,iYL1228.KPN_01975,330
2608,gene_2609,iYL1228.KPN_02169,155
2609,gene_2610,iYL1228.KPN_02193,255
2610,gene_2611,iYL1228.KPN_02194,206
2611,gene_2612,iYL1228.KPN_02238,94
2613,gene_2614,iYL1228.KPN_02388,334
2614,gene_2615,iYL1228.KPN_02417,93
2616,gene_2617,iYL1228.KPN_02490,375
2617,gene_2618,iYL1228.KPN_02491,83
2618,gene_2619,iYL1228.KPN_02492,358
2619,gene_2620,iYL1228.KPN_02493,498
2620,gene_2621,iYL1228.KPN_02496,377
2621,gene_2622,iYL1228.KPN_02586,51
2622,gene_2623,iYL1228.KPN_02587,434
2623,gene_2624,iYL1228.KPN_02719,324
2624,gene_2625,iYL1228.KPN_02741,382
2625,gene_2626,iYL1228.KPN_02758,310
2626,gene_2627,iYL1228.KPN_02770,252
2627,gene_2628,iYL1228.KPN_02772,264
2628,gene_2629,iYL1228.KPN_02814,117
2629,gene_2630,iYL1228.KPN_02824,329
2630,gene_2631,iYL1228.KPN_02905,86
2631,gene_2632,iYL1228.KPN_03021,90
2632,gene_2633,iYL1228.KPN_03045,165
2633,gene_2634,iYL1228.KPN_03113,378
2634,gene_2635,iYL1228.KPN_03114,404
2636,gene_2637,iYL1228.KPN_03126,45
2638,gene_2639,iYL1228.KPN_03150,413
2639,gene_2640,iYL1228.KPN_03153,714
2640,gene_2641,iYL1228.KPN_03183,44
2641,gene_2642,iYL1228.KPN_03190,186
2642,gene_2643,iYL1228.KPN_03193,164
2644,gene_2645,iYL1228.KPN_03198,166
2645,gene_2646,iYL1228.KPN_03216,388
2646,gene_2647,iYL1228.KPN_03467,758
2649,gene_2650,iYL1228.KPN_03551,251
2650,gene_2651,iYL1228.KPN_03639,313
2651,gene_2652,iYL1228.KPN_03640,487
2652,gene_2653,iYL1228.KPN_03690,207
2653,gene_2654,iYL1228.KPN_03760,239
2654,gene_2655,iYL1228.KPN_03773,736
2655,gene_2656,iYL1228.KPN_03779,44
2656,gene_2657,iYL1228.KPN_03794,528
2657,gene_2658,iYL1228.KPN_03798,587
2658,gene_2659,iYL1228.KPN_03800,271
2659,gene_2660,iYL1228.KPN_03816,107
2660,gene_2661,iYL1228.KPN_03818,157
2661,gene_2662,iYL1228.KPN_03846,136
2663,gene_2664,iYL1228.KPN_03851,197
2664,gene_2665,iYL1228.KPN_03896,194
2665,gene_2666,iYL1228.KPN_03930,243
2666,gene_2667,iYL1228.KPN_03931,406
2667,gene_2668,iYL1228.KPN_03932,184
2668,gene_2669,iYL1228.KPN_03974,160
2669,gene_2670,iYL1228.KPN_03983,175
2670,gene_2671,iYL1228.KPN_04008,388
2671,gene_2672,iYL1228.KPN_04011,644
2672,gene_2673,iYL1228.KPN_04137,593
2673,gene_2674,iYL1228.KPN_04154,439
2674,gene_2675,iYL1228.KPN_04155,179
2675,gene_2676,iYL1228.KPN_04156,137
2676,gene_2677,iYL1228.KPN_04203,306
2677,gene_2678,iYL1228.KPN_04211,271
2678,gene_2679,iYL1228.KPN_04267,216
2679,gene_2680,iYL1228.KPN_04282,95
2681,gene_2682,iYL1228.KPN_04289,360
2682,gene_2683,iYL1228.KPN_04291,447
2683,gene_2684,iYL1228.KPN_04304,213
2684,gene_2685,iYL1228.KPN_04327,176
2685,gene_2686,iYL1228.KPN_04329,52
2686,gene_2687,iYL1228.KPN_04331,157
2687,gene_2688,iYL1228.KPN_04378,135
2689,gene_2690,iYL1228.KPN_04413,295
2690,gene_2691,iYL1228.KPN_04480,238
2691,gene_2692,iYL1228.KPN_04558,112
2692,gene_2693,iYL1228.KPN_04590,214
2693,gene_2694,iYL1228.KPN_04591,300
2694,gene_2695,iYL1228.KPN_04622,186
2695,gene_2696,iYL1228.KPN_04623,485
2696,gene_2697,iYL1228.KPN_04624,222
2697,gene_2698,iYL1228.KPN_04625,191
2698,gene_2699,iYL1228.KPN_04645,120
2699,gene_2700,iYL1228.KPN_04646,306
2701,gene_2702,iYO844.BSU00090,629
2702,gene_2703,iYO844.BSU00180,187
2703,gene_2704,iYO844.BSU00460,229
2704,gene_2705,iYO844.BSU00680,177
2705,gene_2706,iYO844.BSU00750,209
2706,gene_2707,iYO844.BSU01530,115
2707,gene_2708,iYO844.BSU01770,432
2710,gene_2711,iYO844.BSU02360,239
2711,gene_2712,iYO844.BSU02420,289
2712,gene_2713,iYO844.BSU02750,142
2713,gene_2714,iYO844.BSU02860,79
2714,gene_2715,iYO844.BSU03050,290
2715,gene_2716,iYO844.BSU03220,344
2716,gene_2717,iYO844.BSU03590,229
2717,gene_2718,iYO844.BSU03610,71
2718,gene_2719,iYO844.BSU03790,317
2719,gene_2720,iYO844.BSU03820,157
2720,gene_2721,iYO844.BSU03860,112
2722,gene_2723,iYO844.BSU04470,178
2723,gene_2724,iYO844.BSU04570,286
2724,gene_2725,iYO844.BSU06150,327
2725,gene_2726,iYO844.BSU06160,229
2726,gene_2727,iYO844.BSU06360,355
2727,gene_2728,iYO844.BSU06490,415
2728,gene_2729,iYO844.BSU06500,357
2729,gene_2730,iYO844.BSU06530,404
2730,gene_2731,iYO844.BSU06660,343
2731,gene_2732,iYO844.BSU06980,98
2732,gene_2733,iYO844.BSU06990,135
2733,gene_2734,iYO844.BSU07490,168
2734,gene_2735,iYO844.BSU07810,606
2735,gene_2736,iYO844.BSU08830,161
2736,gene_2737,iYO844.BSU08840,75
2737,gene_2738,iYO844.BSU09240,92
2738,gene_2739,iYO844.BSU09290,660
2739,gene_2740,iYO844.BSU09310,567
2740,gene_2741,iYO844.BSU09530,85
2741,gene_2742,iYO844.BSU10220,154
2742,gene_2743,iYO844.BSU10270,194
2743,gene_2744,iYO844.BSU11250,102
2744,gene_2745,iYO844.BSU11330,244
2745,gene_2746,iYO844.BSU11340,462
2748,gene_2749,iYO844.BSU12330,187
2750,gene_2751,iYO844.BSU12950,200
2751,gene_2752,iYO844.BSU12960,288
2752,gene_2753,iYO844.BSU13130,418
2753,gene_2754,iYO844.BSU13890,515
2754,gene_2755,iYO844.BSU13900,71
2755,gene_2756,iYO844.BSU13910,436
2756,gene_2757,iYO844.BSU14510,167
2757,gene_2758,iYO844.BSU14630,402
2758,gene_2759,iYO844.BSU14670,120
2759,gene_2760,iYO844.BSU14860,55
2760,gene_2761,iYO844.BSU15020,164
2761,gene_2762,iYO844.BSU15190,260
2762,gene_2763,iYO844.BSU15520,1174
2763,gene_2764,iYO844.BSU15530,198
2764,gene_2765,iYO844.BSU15540,325
2765,gene_2766,iYO844.BSU15630,78
2766,gene_2767,iYO844.BSU15680,189
2767,gene_2768,iYO844.BSU15720,140
2768,gene_2769,iYO844.BSU15730,318
2769,gene_2770,iYO844.BSU15850,175
2770,gene_2771,iYO844.BSU15860,243
2771,gene_2772,iYO844.BSU15900,260
2772,gene_2773,iYO844.BSU15910,260
2773,gene_2774,iYO844.BSU16510,189
2775,gene_2776,iYO844.BSU16550,369
2776,gene_2777,iYO844.BSU16770,76
2777,gene_2778,iYO844.BSU16920,144
2778,gene_2779,iYO844.BSU17410,94
2779,gene_2780,iYO844.BSU17460,432
2780,gene_2781,iYO844.BSU17680,219
2781,gene_2782,iYO844.BSU18250,192
2782,gene_2783,iYO844.BSU18450,1499
2783,gene_2784,iYO844.BSU19350,273
2784,gene_2785,iYO844.BSU21910,338
2785,gene_2786,iYO844.BSU22440,150
2786,gene_2787,iYO844.BSU22480,121
2787,gene_2788,iYO844.BSU22600,424
2788,gene_2789,iYO844.BSU22610,240
2789,gene_2790,iYO844.BSU22620,45
2790,gene_2791,iYO844.BSU22830,310
2791,gene_2792,iYO844.BSU22890,168
2792,gene_2793,iYO844.BSU23250,204
2793,gene_2794,iYO844.BSU23260,480
2794,gene_2795,iYO844.BSU23500,457
2795,gene_2796,iYO844.BSU23560,142
2797,gene_2798,iYO844.BSU23920,298
2798,gene_2799,iYO844.BSU23960,254
2799,gene_2800,iYO844.BSU23980,72
2800,gene_2801,iYO844.BSU24340,547
2801,gene_2802,iYO844.BSU24350,103
2802,gene_2803,iYO844.BSU24850,237
2803,gene_2804,iYO844.BSU25070,396
2804,gene_2805,iYO844.BSU25300,123
2805,gene_2806,iYO844.BSU25310,103
2806,gene_2807,iYO844.BSU25640,134
2807,gene_2808,iYO844.BSU25900,40
2808,gene_2809,iYO844.BSU26700,148
2809,gene_2810,iYO844.BSU26710,270
2811,gene_2812,iYO844.BSU27430,304
2812,gene_2813,iYO844.BSU27600,698
2813,gene_2814,iYO844.BSU27910,111
2814,gene_2815,iYO844.BSU28080,258
2815,gene_2816,iYO844.BSU28120,465
2816,gene_2817,iYO844.BSU28150,202
2817,gene_2818,iYO844.BSU28170,176
2818,gene_2819,iYO844.BSU28270,375
2819,gene_2820,iYO844.BSU28310,502
2820,gene_2821,iYO844.BSU28430,126
2821,gene_2822,iYO844.BSU28470,397
2822,gene_2823,iYO844.BSU28560,180
2823,gene_2824,iYO844.BSU28730,153
2824,gene_2825,iYO844.BSU28740,151
2825,gene_2826,iYO844.BSU28750,70
2826,gene_2827,iYO844.BSU28780,292
2828,gene_2829,iYO844.BSU28800,550
2829,gene_2830,iYO844.BSU29050,248
2830,gene_2831,iYO844.BSU29060,104
2831,gene_2832,iYO844.BSU29190,339
2832,gene_2833,iYO844.BSU29200,306
2833,gene_2834,iYO844.BSU29220,502
2834,gene_2835,iYO844.BSU29340,218
2835,gene_2836,iYO844.BSU29440,500
2836,gene_2837,iYO844.BSU30210,99
2837,gene_2838,iYO844.BSU30280,151
2838,gene_2839,iYO844.BSU30290,145
2839,gene_2840,iYO844.BSU30410,45
2840,gene_2841,iYO844.BSU30420,185
2841,gene_2842,iYO844.BSU30450,150
2842,gene_2843,iYO844.BSU30530,76
2843,gene_2844,iYO844.BSU30540,520
2844,gene_2845,iYO844.BSU30550,582
2845,gene_2846,iYO844.BSU30760,142
2846,gene_2847,iYO844.BSU30940,774
2847,gene_2848,iYO844.BSU30950,427
2848,gene_2849,iYO844.BSU30970,396
2849,gene_2850,iYO844.BSU30980,490
2850,gene_2851,iYO844.BSU31200,387
2851,gene_2852,iYO844.BSU31400,415
2852,gene_2853,iYO844.BSU32260,362
2853,gene_2854,iYO844.BSU32500,40
2854,gene_2855,iYO844.BSU32510,72
2855,gene_2856,iYO844.BSU32750,295
2856,gene_2857,iYO844.BSU33160,78
2857,gene_2858,iYO844.BSU33170,142
2858,gene_2859,iYO844.BSU33290,161
2859,gene_2860,iYO844.BSU33380,164
2860,gene_2861,iYO844.BSU33400,264
2861,gene_2862,iYO844.BSU33490,729
2862,gene_2863,iYO844.BSU33510,48
2864,gene_2865,iYO844.BSU33730,127
2867,gene_2868,iYO844.BSU33830,130
2868,gene_2869,iYO844.BSU33900,508
2869,gene_2870,iYO844.BSU33920,251
2870,gene_2871,iYO844.BSU34130,621
2871,gene_2872,iYO844.BSU34160,62
2873,gene_2874,iYO844.BSU34560,634
2875,gene_2876,iYO844.BSU34610,66
2876,gene_2877,iYO844.BSU34790,258
2877,gene_2878,iYO844.BSU34870,315
2878,gene_2879,iYO844.BSU34890,184
2879,gene_2880,iYO844.BSU34900,209
2880,gene_2881,iYO844.BSU34910,397
2881,gene_2882,iYO844.BSU35550,62
2882,gene_2883,iYO844.BSU35680,219
2883,gene_2884,iYO844.BSU35700,177
2884,gene_2885,iYO844.BSU35710,164
2885,gene_2886,iYO844.BSU35720,122
2886,gene_2887,iYO844.BSU35740,186
2888,gene_2889,iYO844.BSU35930,38
2889,gene_2890,iYO844.BSU35940,446
2890,gene_2891,iYO844.BSU35950,229
2891,gene_2892,iYO844.BSU35960,83
2892,gene_2893,iYO844.BSU36120,72
2893,gene_2894,iYO844.BSU36130,88
2894,gene_2895,iYO844.BSU36370,175
2895,gene_2896,iYO844.BSU36640,779
2896,gene_2897,iYO844.BSU36660,120
2897,gene_2898,iYO844.BSU36710,97
2898,gene_2899,iYO844.BSU36760,285
2899,gene_2900,iYO844.BSU36810,619
2900,gene_2901,iYO844.BSU36820,179
2901,gene_2902,iYO844.BSU36830,629
2902,gene_2903,iYO844.BSU36850,41
2903,gene_2904,iYO844.BSU36890,277
2904,gene_2905,iYO844.BSU37100,269
2905,gene_2906,iYO844.BSU37120,298
2906,gene_2907,iYO844.BSU37150,647
2907,gene_2908,iYO844.BSU37490,253
2908,gene_2909,iYO844.BSU37710,71
2909,gene_2910,iYO844.BSU38040,338
2910,gene_2911,iYO844.BSU38050,382
2911,gene_2912,iYO844.BSU38190,468
2912,gene_2913,iYO844.BSU38300,123
2913,gene_2914,iYO844.BSU38500,197
2914,gene_2915,iYO844.BSU38860,460
2915,gene_2916,iYO844.BSU39540,186
2916,gene_2917,iYO844.BSU39670,284
2917,gene_2918,iYO844.BSU39780,92
2918,gene_2919,iYO844.BSU40420,358
2919,gene_2920,iYO844.BSU40850,130
2920,gene_2921,iYS854.USA300HOU_RS00045,248
2921,gene_2922,iYS854.USA300HOU_RS00085,352
2923,gene_2924,iYS854.USA300HOU_RS00310,390
2924,gene_2925,iYS854.USA300HOU_RS00720,270
2925,gene_2926,iYS854.USA300HOU_RS00735,416
2926,gene_2927,iYS854.USA300HOU_RS01000,506
2927,gene_2928,iYS854.USA300HOU_RS01050,204
2928,gene_2929,iYS854.USA300HOU_RS01090,403
2929,gene_2930,iYS854.USA300HOU_RS01095,41
2931,gene_2932,iYS854.USA300HOU_RS01150,948
2932,gene_2933,iYS854.USA300HOU_RS01220,149
2933,gene_2934,iYS854.USA300HOU_RS01245,272
2934,gene_2935,iYS854.USA300HOU_RS01255,523
2935,gene_2936,iYS854.USA300HOU_RS01300,248
2936,gene_2937,iYS854.USA300HOU_RS01320,122
2937,gene_2938,iYS854.USA300HOU_RS01340,84
2938,gene_2939,iYS854.USA300HOU_RS01400,130
2939,gene_2940,iYS854.USA300HOU_RS01735,144
2940,gene_2941,iYS854.USA300HOU_RS01880,340
2941,gene_2942,iYS854.USA300HOU_RS02325,150
2942,gene_2943,iYS854.USA300HOU_RS02330,191
2943,gene_2944,iYS854.USA300HOU_RS02395,376
2944,gene_2945,iYS854.USA300HOU_RS02560,94
2945,gene_2946,iYS854.USA300HOU_RS02655,527
2946,gene_2947,iYS854.USA300HOU_RS02905,45
2947,gene_2948,iYS854.USA300HOU_RS02965,79
2949,gene_2950,iYS854.USA300HOU_RS03470,180
2950,gene_2951,iYS854.USA300HOU_RS03500,154
2951,gene_2952,iYS854.USA300HOU_RS03775,156
2952,gene_2953,iYS854.USA300HOU_RS03790,257
2954,gene_2955,iYS854.USA300HOU_RS03935,263
2955,gene_2956,iYS854.USA300HOU_RS04050,120
2956,gene_2957,iYS854.USA300HOU_RS04115,252
2957,gene_2958,iYS854.USA300HOU_RS04135,265
2958,gene_2959,iYS854.USA300HOU_RS04185,416
2959,gene_2960,iYS854.USA300HOU_RS04205,492
2960,gene_2961,iYS854.USA300HOU_RS04405,281
2961,gene_2962,iYS854.USA300HOU_RS04620,196
2962,gene_2963,iYS854.USA300HOU_RS04765,468
2963,gene_2964,iYS854.USA300HOU_RS04895,217
2964,gene_2965,iYS854.USA300HOU_RS04900,197
2965,gene_2966,iYS854.USA300HOU_RS04905,280
2966,gene_2967,iYS854.USA300HOU_RS05000,199
2967,gene_2968,iYS854.USA300HOU_RS05395,71
2968,gene_2969,iYS854.USA300HOU_RS05400,421
2969,gene_2970,iYS854.USA300HOU_RS05485,130
2970,gene_2971,iYS854.USA300HOU_RS05725,99
2972,gene_2973,iYS854.USA300HOU_RS05860,376
2973,gene_2974,iYS854.USA300HOU_RS06015,301
2974,gene_2975,iYS854.USA300HOU_RS06035,56
2975,gene_2976,iYS854.USA300HOU_RS06045,1164
2976,gene_2977,iYS854.USA300HOU_RS06075,176
2977,gene_2978,iYS854.USA300HOU_RS06125,130
2978,gene_2979,iYS854.USA300HOU_RS06130,232
2979,gene_2980,iYS854.USA300HOU_RS06135,193
2980,gene_2981,iYS854.USA300HOU_RS06145,94
2981,gene_2982,iYS854.USA300HOU_RS06160,414
2982,gene_2983,iYS854.USA300HOU_RS06185,273
2983,gene_2984,iYS854.USA300HOU_RS06195,72
2984,gene_2985,iYS854.USA300HOU_RS06405,199
2985,gene_2986,iYS854.USA300HOU_RS06465,67
2986,gene_2987,iYS854.USA300HOU_RS06545,664
2987,gene_2988,iYS854.USA300HOU_RS06590,400
2988,gene_2989,iYS854.USA300HOU_RS06690,425
2989,gene_2990,iYS854.USA300HOU_RS06745,323
2990,gene_2991,iYS854.USA300HOU_RS06885,102
2991,gene_2992,iYS854.USA300HOU_RS06905,278
2992,gene_2993,iYS854.USA300HOU_RS06950,216
2993,gene_2994,iYS854.USA300HOU_RS06985,481
2994,gene_2995,iYS854.USA300HOU_RS07240,63
2995,gene_2996,iYS854.USA300HOU_RS07285,120
2996,gene_2997,iYS854.USA300HOU_RS07350,58
2997,gene_2998,iYS854.USA300HOU_RS07570,162
2998,gene_2999,iYS854.USA300HOU_RS08055,573
2999,gene_3000,iYS854.USA300HOU_RS08160,104
3000,gene_3001,iYS854.USA300HOU_RS08260,216
3001,gene_3002,iYS854.USA300HOU_RS08305,141
3002,gene_3003,iYS854.USA300HOU_RS08350,642
3003,gene_3004,iYS854.USA300HOU_RS08685,68
3004,gene_3005,iYS854.USA300HOU_RS08695,657
3005,gene_3006,iYS854.USA300HOU_RS08700,186
3006,gene_3007,iYS854.USA300HOU_RS08720,373
3007,gene_3008,iYS854.USA300HOU_RS08725,421
3008,gene_3009,iYS854.USA300HOU_RS08835,357
3009,gene_3010,iYS854.USA300HOU_RS08915,563
3010,gene_3011,iYS854.USA300HOU_RS09025,462
3011,gene_3012,iYS854.USA300HOU_RS09175,344
3012,gene_3013,iYS854.USA300HOU_RS09315,139
3013,gene_3014,iYS854.USA300HOU_RS09335,826
3014,gene_3015,iYS854.USA300HOU_RS09495,555
3015,gene_3016,iYS854.USA300HOU_RS09925,285
3016,gene_3017,iYS854.USA300HOU_RS09930,255
3017,gene_3018,iYS854.USA300HOU_RS10265,184
3018,gene_3019,iYS854.USA300HOU_RS10270,289
3019,gene_3020,iYS854.USA300HOU_RS10305,133
3020,gene_3021,iYS854.USA300HOU_RS10320,469
3021,gene_3022,iYS854.USA300HOU_RS10330,336
3022,gene_3023,iYS854.USA300HOU_RS10340,319
3023,gene_3024,iYS854.USA300HOU_RS10435,409
3024,gene_3025,iYS854.USA300HOU_RS10440,116
3025,gene_3026,iYS854.USA300HOU_RS10990,319
3026,gene_3027,iYS854.USA300HOU_RS11010,40
3029,gene_3030,iYS854.USA300HOU_RS11340,260
3030,gene_3031,iYS854.USA300HOU_RS11360,615
3031,gene_3032,iYS854.USA300HOU_RS11365,164
3032,gene_3033,iYS854.USA300HOU_RS11370,619
3033,gene_3034,iYS854.USA300HOU_RS11380,40
3034,gene_3035,iYS854.USA300HOU_RS11405,276
3035,gene_3036,iYS854.USA300HOU_RS11470,290
3036,gene_3037,iYS854.USA300HOU_RS11480,637
3037,gene_3038,iYS854.USA300HOU_RS11545,291
3039,gene_3040,iYS854.USA300HOU_RS11885,187
3040,gene_3041,iYS854.USA300HOU_RS12025,51
3041,gene_3042,iYS854.USA300HOU_RS12030,75
3042,gene_3043,iYS854.USA300HOU_RS12070,248
3044,gene_3045,iYS854.USA300HOU_RS12315,153
3045,gene_3046,iYS854.USA300HOU_RS12355,67
3046,gene_3047,iYS854.USA300HOU_RS12505,84
3047,gene_3048,iYS854.USA300HOU_RS12590,286
3048,gene_3049,iYS854.USA300HOU_RS12895,224
3049,gene_3050,iYS854.USA300HOU_RS13040,115
3050,gene_3051,iYS854.USA300HOU_RS13255,125
3052,gene_3053,iYS854.USA300HOU_RS13270,116
3053,gene_3054,iYS854.USA300HOU_RS13360,197
3054,gene_3055,iYS854.USA300HOU_RS13590,169
3055,gene_3056,iYS854.USA300HOU_RS13765,518
3056,gene_3057,iYS854.USA300HOU_RS13870,127
3057,gene_3058,iYS854.USA300HOU_RS13880,49
3058,gene_3059,iYS854.USA300HOU_RS13885,53
3059,gene_3060,iYS854.USA300HOU_RS14370,63
3060,gene_3061,iYS854.USA300HOU_RS14570,575
