,query_gene,BiGG_gene,score
0,gene_0,STM_v1_0.STM0047,48
1,gene_1,STM_v1_0.STM0054,376
2,gene_2,STM_v1_0.STM0055,482
3,gene_3,STM_v1_0.STM0106,99
4,gene_4,STM_v1_0.STM0140,95
5,gene_5,STM_v1_0.STM0207,107
6,gene_6,STM_v1_0.STM0247,293
7,gene_7,STM_v1_0.STM0322,351
8,gene_8,STM_v1_0.STM0380,265
9,gene_9,STM_v1_0.STM0386,194
10,gene_10,STM_v1_0.STM0422,429
11,gene_11,STM_v1_0.STM0423,196
12,gene_12,STM_v1_0.STM0488,206
14,gene_14,STM_v1_0.STM0644,233
15,gene_15,STM_v1_0.STM0659,272
16,gene_16,STM_v1_0.STM0686,586
17,gene_17,STM_v1_0.STM0774,124
18,gene_18,STM_v1_0.STM0850,124
19,gene_19,STM_v1_0.STM0878,124
20,gene_20,STM_v1_0.STM0890,113
21,gene_21,STM_v1_0.STM0956,177
22,gene_22,STM_v1_0.STM0963,236
23,gene_23,STM_v1_0.STM0973,883
24,gene_24,STM_v1_0.STM0980,169
25,gene_25,STM_v1_0.STM0984,288
26,gene_26,STM_v1_0.STM1101,130
27,gene_27,STM_v1_0.STM1125,319
28,gene_28,STM_v1_0.STM1193,219
29,gene_29,STM_v1_0.STM1221,112
31,gene_31,STM_v1_0.STM1340,152
32,gene_32,STM_v1_0.STM1358,197
33,gene_33,STM_v1_0.STM1385,85
34,gene_34,STM_v1_0.STM1449,289
35,gene_35,STM_v1_0.STM1679,75
36,gene_36,STM_v1_0.STM1686,62
37,gene_37,STM_v1_0.STM1718,85
38,gene_38,STM_v1_0.STM1750,149
39,gene_39,STM_v1_0.STM1780,84
40,gene_40,STM_v1_0.STM1818,148
41,gene_41,STM_v1_0.STM1830,93
42,gene_42,STM_v1_0.STM1884,152
43,gene_43,STM_v1_0.STM1933,206
44,gene_44,STM_v1_0.STM1954,110
45,gene_45,STM_v1_0.STM2019,463
46,gene_46,STM_v1_0.STM2026,100
47,gene_47,STM_v1_0.STM2027,220
48,gene_48,STM_v1_0.STM2028,133
49,gene_49,STM_v1_0.STM2029,243
50,gene_50,STM_v1_0.STM2032,209
51,gene_51,STM_v1_0.STM2035,251
52,gene_52,STM_v1_0.STM2064,76
53,gene_53,STM_v1_0.STM2082,187
54,gene_54,STM_v1_0.STM2095,392
57,gene_57,STM_v1_0.STM2188,243
58,gene_58,STM_v1_0.STM2189,488
59,gene_59,STM_v1_0.STM2190,183
60,gene_60,STM_v1_0.STM2298,108
61,gene_61,STM_v1_0.STM2354,75
62,gene_62,STM_v1_0.STM2427,511
63,gene_63,STM_v1_0.STM2431,68
64,gene_64,STM_v1_0.STM2432,404
65,gene_65,STM_v1_0.STM2433,130
66,gene_66,STM_v1_0.STM2441,91
67,gene_67,STM_v1_0.STM2529,73
68,gene_68,STM_v1_0.STM2543,204
69,gene_69,STM_v1_0.STM2555,459
70,gene_70,STM_v1_0.STM2573,45
71,gene_71,STM_v1_0.STM2649,94
72,gene_72,STM_v1_0.STM2662,105
73,gene_73,STM_v1_0.STM2774,206
76,gene_76,STM_v1_0.STM2954,154
77,gene_77,STM_v1_0.STM2973,402
78,gene_78,STM_v1_0.STM3002,74
79,gene_79,STM_v1_0.STM3103,167
80,gene_80,STM_v1_0.STM3137,478
81,gene_81,STM_v1_0.STM3190,65
82,gene_82,STM_v1_0.STM3225,383
83,gene_83,STM_v1_0.STM3339,165
84,gene_84,STM_v1_0.STM3351,375
85,gene_85,STM_v1_0.STM3352,482
86,gene_86,STM_v1_0.STM3356,568
87,gene_87,STM_v1_0.STM3407,244
88,gene_88,STM_v1_0.STM3409,219
89,gene_89,STM_v1_0.STM3493,119
90,gene_90,STM_v1_0.STM3500,725
91,gene_91,STM_v1_0.STM3506,47
92,gene_92,STM_v1_0.STM3514,660
93,gene_93,STM_v1_0.STM3534,632
94,gene_94,STM_v1_0.STM3538,620
95,gene_95,STM_v1_0.STM3560,252
96,gene_96,STM_v1_0.STM3561,245
97,gene_97,STM_v1_0.STM3562,171
98,gene_98,STM_v1_0.STM3576,35
99,gene_99,STM_v1_0.STM3671,42
100,gene_100,STM_v1_0.STM3694,102
101,gene_101,STM_v1_0.STM3704,530
102,gene_102,STM_v1_0.STM3725,155
103,gene_103,STM_v1_0.STM3731,124
104,gene_104,STM_v1_0.STM3828,213
105,gene_105,STM_v1_0.STM3862,128
106,gene_106,STM_v1_0.STM3865,556
107,gene_107,STM_v1_0.STM3867,487
108,gene_108,STM_v1_0.STM3882,305
109,gene_109,STM_v1_0.STM3884,49
110,gene_110,STM_v1_0.STM3915,102
112,gene_112,STM_v1_0.STM4299,237
113,gene_113,STM_v1_0.STM4366,283
114,gene_114,STM_v1_0.STM4451,124
115,gene_115,STM_v1_0.STM4452,405
116,gene_116,STM_v1_0.STM4465,425
117,gene_117,STM_v1_0.STM4469,391
118,gene_118,STM_v1_0.STM4483,202
119,gene_119,STM_v1_0.STM4570,190
120,gene_120,STM_v1_0.STM4585,86
121,gene_122,iAF692.Mbar_A0086,211
122,gene_123,iAF692.Mbar_A0171,39
123,gene_124,iAF692.Mbar_A0218,500
124,gene_125,iAF692.Mbar_A0219,130
125,gene_126,iAF692.Mbar_A0227,554
126,gene_127,iAF692.Mbar_A0255,35
128,gene_129,iAF692.Mbar_A0408,55
129,gene_130,iAF692.Mbar_A0541,237
130,gene_131,iAF692.Mbar_A0666,346
132,gene_133,iAF692.Mbar_A0760,268
133,gene_134,iAF692.Mbar_A0995,150
134,gene_135,iAF692.Mbar_A1195,399
135,gene_136,iAF692.Mbar_A1223,502
136,gene_137,iAF692.Mbar_A1238,74
137,gene_138,iAF692.Mbar_A1305,100
138,gene_139,iAF692.Mbar_A1361,128
139,gene_140,iAF692.Mbar_A1365,90
140,gene_141,iAF692.Mbar_A1452,50
141,gene_142,iAF692.Mbar_A1586,511
142,gene_143,iAF692.Mbar_A1633,49
143,gene_144,iAF692.Mbar_A1641,477
144,gene_145,iAF692.Mbar_A1778,98
145,gene_146,iAF692.Mbar_A1781,338
146,gene_147,iAF692.Mbar_A1820,428
147,gene_148,iAF692.Mbar_A1823,66
148,gene_149,iAF692.Mbar_A1889,54
149,gene_150,iAF692.Mbar_A2179,152
151,gene_152,iAF692.Mbar_A2317,160
152,gene_153,iAF692.Mbar_A2422,355
153,gene_154,iAF692.Mbar_A2616,64
154,gene_155,iAF692.Mbar_A2898,217
156,gene_157,iAF692.Mbar_A3173,239
157,gene_158,iAF692.Mbar_A3182,63
158,gene_159,iAF692.Mbar_A3319,169
159,gene_160,iAF692.Mbar_A3353,164
160,gene_161,iAF692.Mbar_A3423,340
161,gene_162,iAF692.Mbar_A3429,324
162,gene_163,iAF692.Mbar_A3463,398
163,gene_164,iAF692.Mbar_A3498,394
164,gene_165,iAF692.Mbar_A3512,247
165,gene_166,iAF987.Gmet_0018,64
166,gene_167,iAF987.Gmet_0043,93
167,gene_168,iAF987.Gmet_0048,41
168,gene_169,iAF987.Gmet_0058,604
169,gene_170,iAF987.Gmet_0059,214
170,gene_171,iAF987.Gmet_0069,82
172,gene_173,iAF987.Gmet_0122,208
173,gene_174,iAF987.Gmet_0205,269
174,gene_175,iAF987.Gmet_0209,457
175,gene_176,iAF987.Gmet_0213,409
176,gene_177,iAF987.Gmet_0300,87
177,gene_178,iAF987.Gmet_0301,231
178,gene_179,iAF987.Gmet_0302,148
179,gene_180,iAF987.Gmet_0337,44
180,gene_181,iAF987.Gmet_0351,876
181,gene_182,iAF987.Gmet_0378,69
182,gene_183,iAF987.Gmet_0383,179
183,gene_184,iAF987.Gmet_0384,418
184,gene_185,iAF987.Gmet_0386,183
185,gene_186,iAF987.Gmet_0388,186
186,gene_187,iAF987.Gmet_0406,266
187,gene_188,iAF987.Gmet_0408,275
188,gene_189,iAF987.Gmet_0413,281
189,gene_190,iAF987.Gmet_0467,235
190,gene_191,iAF987.Gmet_0470,234
191,gene_192,iAF987.Gmet_0477,180
192,gene_193,iAF987.Gmet_0481,171
193,gene_194,iAF987.Gmet_0483,251
194,gene_195,iAF987.Gmet_0484,144
195,gene_196,iAF987.Gmet_0485,234
196,gene_197,iAF987.Gmet_0486,262
197,gene_198,iAF987.Gmet_0491,100
198,gene_199,iAF987.Gmet_0493,131
199,gene_200,iAF987.Gmet_0504,246
200,gene_201,iAF987.Gmet_0547,238
201,gene_202,iAF987.Gmet_0552,333
202,gene_203,iAF987.Gmet_0602,362
203,gene_204,iAF987.Gmet_0647,205
204,gene_205,iAF987.Gmet_0662,41
205,gene_206,iAF987.Gmet_0684,301
206,gene_207,iAF987.Gmet_0700,155
207,gene_208,iAF987.Gmet_0782,67
208,gene_209,iAF987.Gmet_0816,46
209,gene_210,iAF987.Gmet_0819,451
210,gene_211,iAF987.Gmet_0865,187
211,gene_212,iAF987.Gmet_0885,118
212,gene_213,iAF987.Gmet_0902,449
213,gene_214,iAF987.Gmet_0903,362
214,gene_215,iAF987.Gmet_0916,302
215,gene_216,iAF987.Gmet_0928,258
216,gene_217,iAF987.Gmet_0940,671
217,gene_218,iAF987.Gmet_0941,146
218,gene_219,iAF987.Gmet_0957,108
219,gene_220,iAF987.Gmet_0978,207
220,gene_221,iAF987.Gmet_0981,100
221,gene_222,iAF987.Gmet_0991,137
222,gene_223,iAF987.Gmet_0992,201
223,gene_224,iAF987.Gmet_1036,152
224,gene_225,iAF987.Gmet_1037,147
225,gene_226,iAF987.Gmet_1038,195
226,gene_227,iAF987.Gmet_1043,73
227,gene_228,iAF987.Gmet_1062,80
228,gene_229,iAF987.Gmet_1159,258
229,gene_230,iAF987.Gmet_1168,145
230,gene_231,iAF987.Gmet_1170,45
231,gene_232,iAF987.Gmet_1179,87
232,gene_233,iAF987.Gmet_1186,565
233,gene_234,iAF987.Gmet_1188,60
234,gene_235,iAF987.Gmet_1216,285
235,gene_236,iAF987.Gmet_1260,500
236,gene_237,iAF987.Gmet_1261,125
237,gene_238,iAF987.Gmet_1262,402
238,gene_239,iAF987.Gmet_1293,232
239,gene_240,iAF987.Gmet_1298,72
240,gene_241,iAF987.Gmet_1300,290
241,gene_242,iAF987.Gmet_1353,340
242,gene_243,iAF987.Gmet_1377,74
243,gene_244,iAF987.Gmet_1415,357
244,gene_245,iAF987.Gmet_1416,444
245,gene_246,iAF987.Gmet_1434,356
246,gene_247,iAF987.Gmet_1548,61
247,gene_248,iAF987.Gmet_1558,392
248,gene_249,iAF987.Gmet_1568,70
249,gene_250,iAF987.Gmet_1573,91
250,gene_251,iAF987.Gmet_1593,119
251,gene_252,iAF987.Gmet_1599,199
252,gene_253,iAF987.Gmet_1601,244
253,gene_254,iAF987.Gmet_1603,441
255,gene_256,iAF987.Gmet_1629,233
256,gene_257,iAF987.Gmet_1640,273
257,gene_258,iAF987.Gmet_1671,149
258,gene_259,iAF987.Gmet_1706,111
259,gene_260,iAF987.Gmet_1716,209
260,gene_261,iAF987.Gmet_1736,175
261,gene_262,iAF987.Gmet_1762,229
262,gene_263,iAF987.Gmet_1770,267
263,gene_264,iAF987.Gmet_1790,67
264,gene_265,iAF987.Gmet_1802,137
265,gene_266,iAF987.Gmet_1819,258
266,gene_267,iAF987.Gmet_1844,333
267,gene_268,iAF987.Gmet_1880,373
268,gene_269,iAF987.Gmet_1884,62
269,gene_270,iAF987.Gmet_1888,148
270,gene_271,iAF987.Gmet_1903,112
271,gene_272,iAF987.Gmet_1914,78
272,gene_273,iAF987.Gmet_1917,78
273,gene_274,iAF987.Gmet_1919,78
274,gene_275,iAF987.Gmet_1934,445
275,gene_276,iAF987.Gmet_1935,202
276,gene_277,iAF987.Gmet_1939,429
277,gene_278,iAF987.Gmet_1986,149
278,gene_279,iAF987.Gmet_1987,93
279,gene_280,iAF987.Gmet_1991,65
280,gene_281,iAF987.Gmet_2054,260
281,gene_282,iAF987.Gmet_2066,295
282,gene_283,iAF987.Gmet_2071,211
283,gene_284,iAF987.Gmet_2094,153
284,gene_285,iAF987.Gmet_2095,257
285,gene_286,iAF987.Gmet_2142,258
286,gene_287,iAF987.Gmet_2257,306
287,gene_288,iAF987.Gmet_2349,293
288,gene_289,iAF987.Gmet_2372,499
289,gene_290,iAF987.Gmet_2390,455
290,gene_291,iAF987.Gmet_2391,439
291,gene_292,iAF987.Gmet_2399,148
292,gene_293,iAF987.Gmet_2425,71
293,gene_294,iAF987.Gmet_2444,48
294,gene_295,iAF987.Gmet_2465,90
295,gene_296,iAF987.Gmet_2475,249
296,gene_297,iAF987.Gmet_2629,149
297,gene_298,iAF987.Gmet_2633,184
298,gene_299,iAF987.Gmet_2634,229
299,gene_300,iAF987.Gmet_2731,89
300,gene_301,iAF987.Gmet_2732,65
301,gene_302,iAF987.Gmet_2763,201
302,gene_303,iAF987.Gmet_2767,501
303,gene_304,iAF987.Gmet_2822,457
304,gene_305,iAF987.Gmet_2849,163
305,gene_306,iAF987.Gmet_2853,400
306,gene_307,iAF987.Gmet_2903,136
307,gene_308,iAF987.Gmet_2904,354
308,gene_309,iAF987.Gmet_2907,250
309,gene_310,iAF987.Gmet_2908,241
310,gene_311,iAF987.Gmet_2909,226
311,gene_312,iAF987.Gmet_2988,152
312,gene_313,iAF987.Gmet_2999,220
313,gene_314,iAF987.Gmet_3012,88
314,gene_315,iAF987.Gmet_3020,86
315,gene_316,iAF987.Gmet_3026,100
316,gene_317,iAF987.Gmet_3085,60
317,gene_318,iAF987.Gmet_3203,538
318,gene_319,iAF987.Gmet_3243,161
319,gene_320,iAF987.Gmet_3260,295
320,gene_321,iAF987.Gmet_3272,206
321,gene_322,iAF987.Gmet_3294,277
322,gene_323,iAF987.Gmet_3304,275
323,gene_324,iAF987.Gmet_3339,257
324,gene_325,iAF987.Gmet_3406,585
325,gene_326,iAF987.Gmet_3408,626
327,gene_328,iAF987.Gmet_3469,161
328,gene_329,iAF987.Gmet_3470,68
329,gene_330,iAF987.Gmet_3509,167
330,gene_331,iAF987.Gmet_3528,232
331,gene_332,iAF987.Gmet_3535,235
332,gene_333,iAM_Pb448.PBANKA_071570,38
333,gene_334,iAM_Pb448.PBANKA_083310,126
334,gene_335,iAM_Pb448.PBANKA_113700,180
335,gene_336,iAM_Pb448.PBANKA_131810,254
336,gene_337,iAM_Pb448.PBANKA_145030,551
337,gene_338,iAM_Pb448.PBANKA_146280,82
339,gene_340,iAM_Pc455.PCYB_111980,171
340,gene_341,iAM_Pc455.PCYB_113330,113
341,gene_342,iAM_Pc455.PCYB_126090,253
342,gene_343,iAM_Pc455.PCYB_146140,554
343,gene_344,iAM_Pc455.PCYB_147430,81
344,gene_345,iAM_Pf480.PF3D7_0413700,40
345,gene_346,iAM_Pf480.PF3D7_1235700,558
346,gene_347,iAM_Pf480.PF3D7_1249900,79
347,gene_348,iAM_Pv461.PVX_001880,43
348,gene_349,iAM_Pv461.PVX_085660,83
349,gene_350,iAM_Pv461.PVX_087090,120
350,gene_351,iAM_Pv461.PVX_100735,556
351,gene_352,iAM_Pv461.PVX_101390,82
352,gene_353,iAM_Pv461.PVX_115000,174
353,gene_354,iAM_Pv461.PVX_117760,249
354,gene_355,iAT_PLT_636.3417,438
355,gene_356,iAT_PLT_636.3418,441
356,gene_357,iAT_PLT_636.4905,142
357,gene_358,iAT_PLT_636.506,575
359,gene_360,iAT_PLT_636.5208,47
360,gene_361,iAT_PLT_636.5210,47
361,gene_362,iAT_PLT_636.5834,666
362,gene_363,iAT_PLT_636.5836,627
363,gene_364,iAT_PLT_636.6539,109
364,gene_365,iCHOv1.100682535,211
366,gene_367,iCHOv1.100751791,213
367,gene_368,iCHOv1.100751825,280
368,gene_369,iCHOv1.100752162,249
369,gene_370,iCHOv1.100752445,132
370,gene_371,iCHOv1.100753544,79
371,gene_372,iCHOv1.100754096,46
372,gene_373,iCHOv1.100754706,120
373,gene_374,iCHOv1.100754792,366
374,gene_375,iCHOv1.100755105,270
375,gene_376,iCHOv1.100756130,187
376,gene_377,iCHOv1.100757328,51
377,gene_378,iCHOv1.100757350,676
378,gene_379,iCHOv1.100757362,159
379,gene_380,iCHOv1.100757665,43
380,gene_381,iCHOv1.100758958,438
381,gene_382,iCHOv1.100758970,42
382,gene_383,iCHOv1.100760370,130
383,gene_384,iCHOv1.100760751,316
384,gene_385,iCHOv1.100761226,118
385,gene_386,iCHOv1.100762480,211
386,gene_387,iCHOv1.100763024,582
387,gene_388,iCHOv1.100765478,127
388,gene_389,iCHOv1.100766065,73
390,gene_391,iCHOv1.100767455,83
391,gene_392,iCHOv1.100769016,236
392,gene_393,iCHOv1.100769146,56
393,gene_394,iCHOv1.100769186,652
394,gene_395,iCHOv1.100770033,257
397,gene_398,iCHOv1.103158535,449
398,gene_399,iCN718.ABAYE_RS00870,92
399,gene_400,iCN718.ABAYE_RS00995,129
400,gene_401,iCN718.ABAYE_RS01785,187
401,gene_402,iCN718.ABAYE_RS04165,195
402,gene_403,iCN718.ABAYE_RS04295,47
403,gene_404,iCN718.ABAYE_RS04335,238
405,gene_406,iCN718.ABAYE_RS04620,585
406,gene_407,iCN718.ABAYE_RS04905,325
407,gene_408,iCN718.ABAYE_RS04960,331
408,gene_409,iCN718.ABAYE_RS05140,97
409,gene_410,iCN718.ABAYE_RS06300,468
411,gene_412,iCN718.ABAYE_RS07235,179
412,gene_413,iCN718.ABAYE_RS07660,546
413,gene_414,iCN718.ABAYE_RS10180,87
414,gene_415,iCN718.ABAYE_RS10745,346
415,gene_416,iCN718.ABAYE_RS11415,40
416,gene_417,iCN718.ABAYE_RS13010,357
417,gene_418,iCN718.ABAYE_RS13825,210
418,gene_419,iCN718.ABAYE_RS13845,82
419,gene_420,iCN718.ABAYE_RS13985,382
420,gene_421,iCN718.ABAYE_RS14110,241
421,gene_422,iCN718.ABAYE_RS14580,122
422,gene_423,iCN718.ABAYE_RS14895,121
423,gene_424,iCN718.ABAYE_RS15590,308
424,gene_425,iCN718.ABAYE_RS15595,383
425,gene_426,iCN718.ABAYE_RS15605,242
426,gene_427,iCN718.ABAYE_RS15755,419
427,gene_428,iCN718.ABAYE_RS16135,123
428,gene_429,iCN718.ABAYE_RS16270,48
429,gene_430,iCN718.ABAYE_RS16685,377
430,gene_431,iCN718.ABAYE_RS17470,450
431,gene_432,iCN718.ABAYE_RS18840,104
432,gene_433,iCN718.ABAYE_RS18875,330
433,gene_434,iCN718.ABAYE_RS19265,194
434,gene_435,iCN900.CD630_00140,229
435,gene_436,iCN900.CD630_00340,187
436,gene_437,iCN900.CD630_00480,201
437,gene_438,iCN900.CD630_00500,571
438,gene_439,iCN900.CD630_00520,473
439,gene_440,iCN900.CD630_00540,283
440,gene_441,iCN900.CD630_00910,211
441,gene_442,iCN900.CD630_01000,307
442,gene_443,iCN900.CD630_01010,293
443,gene_444,iCN900.CD630_01020,253
444,gene_445,iCN900.CD630_01030,183
445,gene_446,iCN900.CD630_01190,355
446,gene_447,iCN900.CD630_01200,582
447,gene_448,iCN900.CD630_01300,545
449,gene_450,iCN900.CD630_01860,321
450,gene_451,iCN900.CD630_01870,209
452,gene_453,iCN900.CD630_01980,646
453,gene_454,iCN900.CD630_02200,404
454,gene_455,iCN900.CD630_02210,340
455,gene_456,iCN900.CD630_02220,164
456,gene_457,iCN900.CD630_02240,393
457,gene_458,iCN900.CD630_02250,1340
458,gene_459,iCN900.CD630_02880,116
459,gene_460,iCN900.CD630_03130,618
460,gene_461,iCN900.CD630_03960,127
461,gene_462,iCN900.CD630_04050,175
463,gene_464,iCN900.CD630_04310,333
464,gene_465,iCN900.CD630_05740,540
465,gene_466,iCN900.CD630_05910,758
467,gene_468,iCN900.CD630_06960,327
468,gene_469,iCN900.CD630_06970,179
469,gene_470,iCN900.CD630_06990,371
470,gene_471,iCN900.CD630_07180,703
471,gene_472,iCN900.CD630_07190,138
472,gene_473,iCN900.CD630_07200,249
473,gene_474,iCN900.CD630_07510,137
474,gene_475,iCN900.CD630_07520,294
475,gene_476,iCN900.CD630_07530,213
476,gene_477,iCN900.CD630_07540,315
477,gene_478,iCN900.CD630_07590,968
478,gene_479,iCN900.CD630_07600,154
479,gene_480,iCN900.CD630_08000,229
480,gene_481,iCN900.CD630_08330,216
481,gene_482,iCN900.CD630_08410,541
482,gene_483,iCN900.CD630_08700,175
483,gene_484,iCN900.CD630_08820,397
484,gene_485,iCN900.CD630_08840,424
485,gene_486,iCN900.CD630_08850,691
486,gene_487,iCN900.CD630_08880,402
487,gene_488,iCN900.CD630_08900,324
488,gene_489,iCN900.CD630_08910,271
489,gene_490,iCN900.CD630_08930,263
490,gene_491,iCN900.CD630_08940,265
491,gene_492,iCN900.CD630_09000,127
492,gene_493,iCN900.CD630_09890,527
493,gene_494,iCN900.CD630_09900,561
494,gene_495,iCN900.CD630_09910,207
495,gene_496,iCN900.CD630_09920,390
496,gene_497,iCN900.CD630_10030,300
497,gene_498,iCN900.CD630_10040,195
498,gene_499,iCN900.CD630_10050,453
499,gene_500,iCN900.CD630_10100,219
500,gene_501,iCN900.CD630_10110,256
501,gene_502,iCN900.CD630_10240,432
502,gene_503,iCN900.CD630_10250,248
503,gene_504,iCN900.CD630_10260,202
504,gene_505,iCN900.CD630_10270,289
505,gene_506,iCN900.CD630_10540,477
506,gene_507,iCN900.CD630_10550,228
507,gene_508,iCN900.CD630_10560,280
508,gene_509,iCN900.CD630_10570,229
509,gene_510,iCN900.CD630_10580,261
510,gene_511,iCN900.CD630_10590,433
511,gene_512,iCN900.CD630_10600,151
512,gene_513,iCN900.CD630_10620,81
513,gene_514,iCN900.CD630_10740,60
515,gene_516,iCN900.CD630_11290,99
516,gene_517,iCN900.CD630_11530,120
517,gene_518,iCN900.CD630_11750,413
518,gene_519,iCN900.CD630_11780,291
519,gene_520,iCN900.CD630_11800,318
520,gene_521,iCN900.CD630_11820,242
521,gene_522,iCN900.CD630_11840,406
522,gene_523,iCN900.CD630_11910,617
523,gene_524,iCN900.CD630_12050,205
524,gene_525,iCN900.CD630_12070,441
525,gene_526,iCN900.CD630_12120,82
526,gene_527,iCN900.CD630_12200,126
527,gene_528,iCN900.CD630_12230,376
528,gene_529,iCN900.CD630_12250,409
529,gene_530,iCN900.CD630_12260,100
530,gene_531,iCN900.CD630_12790,377
531,gene_532,iCN900.CD630_12820,895
532,gene_533,iCN900.CD630_13150,145
533,gene_534,iCN900.CD630_13270,134
534,gene_535,iCN900.CD630_13320,249
535,gene_536,iCN900.CD630_13530,122
536,gene_537,iCN900.CD630_13820,647
537,gene_538,iCN900.CD630_14770,79
538,gene_539,iCN900.CD630_14780,103
539,gene_540,iCN900.CD630_14790,784
540,gene_541,iCN900.CD630_14890,165
541,gene_542,iCN900.CD630_14900,166
542,gene_543,iCN900.CD630_14910,145
543,gene_544,iCN900.CD630_14950,188
544,gene_545,iCN900.CD630_15020,251
545,gene_546,iCN900.CD630_15360,259
546,gene_547,iCN900.CD630_15370,584
547,gene_548,iCN900.CD630_15480,182
548,gene_549,iCN900.CD630_15500,176
549,gene_550,iCN900.CD630_15510,204
550,gene_551,iCN900.CD630_15530,268
551,gene_552,iCN900.CD630_15540,206
552,gene_553,iCN900.CD630_15770,407
553,gene_554,iCN900.CD630_15870,309
554,gene_555,iCN900.CD630_15990,211
556,gene_557,iCN900.CD630_16010,146
557,gene_558,iCN900.CD630_16140,137
558,gene_559,iCN900.CD630_16550,251
559,gene_560,iCN900.CD630_16740,201
560,gene_561,iCN900.CD630_16960,296
561,gene_562,iCN900.CD630_17020,526
562,gene_563,iCN900.CD630_17030,48
563,gene_564,iCN900.CD630_17290,371
564,gene_565,iCN900.CD630_17750,152
565,gene_566,iCN900.CD630_17850,437
566,gene_567,iCN900.CD630_18060,70
567,gene_568,iCN900.CD630_18170,80
568,gene_569,iCN900.CD630_18250,460
569,gene_570,iCN900.CD630_18320,396
570,gene_571,iCN900.CD630_18330,208
571,gene_572,iCN900.CD630_18340,256
572,gene_573,iCN900.CD630_18350,293
573,gene_574,iCN900.CD630_18370,142
574,gene_575,iCN900.CD630_18390,184
575,gene_576,iCN900.CD630_19360,282
576,gene_577,iCN900.CD630_19370,251
577,gene_578,iCN900.CD630_19470,226
578,gene_579,iCN900.CD630_20140,642
579,gene_580,iCN900.CD630_20200,972
580,gene_581,iCN900.CD630_20310,339
581,gene_582,iCN900.CD630_20320,286
582,gene_583,iCN900.CD630_20330,327
583,gene_584,iCN900.CD630_20500,162
584,gene_585,iCN900.CD630_20540,53
585,gene_586,iCN900.CD630_20590,570
586,gene_587,iCN900.CD630_20740,180
587,gene_588,iCN900.CD630_20800,168
588,gene_589,iCN900.CD630_20810,172
589,gene_590,iCN900.CD630_20910,311
590,gene_591,iCN900.CD630_20990,783
591,gene_592,iCN900.CD630_21000,169
592,gene_593,iCN900.CD630_21010,168
593,gene_594,iCN900.CD630_21070,367
594,gene_595,iCN900.CD630_21150,627
595,gene_596,iCN900.CD630_21170,119
596,gene_597,iCN900.CD630_21180,382
597,gene_598,iCN900.CD630_21190,206
598,gene_599,iCN900.CD630_21240,130
599,gene_600,iCN900.CD630_21280,377
600,gene_601,iCN900.CD630_21300,364
601,gene_602,iCN900.CD630_21350,121
602,gene_603,iCN900.CD630_21380,249
603,gene_604,iCN900.CD630_21680,631
604,gene_605,iCN900.CD630_21720,266
605,gene_606,iCN900.CD630_22170,202
607,gene_608,iCN900.CD630_22450,571
608,gene_609,iCN900.CD630_22560,293
609,gene_610,iCN900.CD630_22690,603
610,gene_611,iCN900.CD630_22700,298
611,gene_612,iCN900.CD630_22760,330
612,gene_613,iCN900.CD630_23210,349
613,gene_614,iCN900.CD630_23220,303
614,gene_615,iCN900.CD630_23300,197
615,gene_616,iCN900.CD630_23350,746
616,gene_617,iCN900.CD630_23390,264
617,gene_618,iCN900.CD630_24100,1066
618,gene_619,iCN900.CD630_24930,82
619,gene_620,iCN900.CD630_24960,263
620,gene_621,iCN900.CD630_25000,426
621,gene_622,iCN900.CD630_25100,437
622,gene_623,iCN900.CD630_25140,350
623,gene_624,iCN900.CD630_25370,161
624,gene_625,iCN900.CD630_25490,134
625,gene_626,iCN900.CD630_25770,207
626,gene_627,iCN900.CD630_25840,241
627,gene_628,iCN900.CD630_25870,385
628,gene_629,iCN900.CD630_25940,298
629,gene_630,iCN900.CD630_25960,287
631,gene_632,iCN900.CD630_26230,129
632,gene_633,iCN900.CD630_26270,65
633,gene_634,iCN900.CD630_26300,317
634,gene_635,iCN900.CD630_26510,223
635,gene_636,iCN900.CD630_26550,263
636,gene_637,iCN900.CD630_26640,296
637,gene_638,iCN900.CD630_26760,390
638,gene_639,iCN900.CD630_26790,82
639,gene_640,iCN900.CD630_26820,1235
640,gene_641,iCN900.CD630_26910,203
641,gene_642,iCN900.CD630_26950,379
642,gene_643,iCN900.CD630_26960,224
643,gene_644,iCN900.CD630_27140,439
644,gene_645,iCN900.CD630_27150,260
645,gene_646,iCN900.CD630_27260,494
646,gene_647,iCN900.CD630_27330,237
647,gene_648,iCN900.CD630_27410,288
648,gene_649,iCN900.CD630_27420,108
649,gene_650,iCN900.CD630_27440,615
650,gene_651,iCN900.CD630_27550,422
651,gene_652,iCN900.CD630_27800,429
652,gene_653,iCN900.CD630_28280,342
653,gene_654,iCN900.CD630_28320,293
656,gene_657,iCN900.CD630_30960,700
657,gene_658,iCN900.CD630_31100,314
658,gene_659,iCN900.CD630_31240,651
659,gene_660,iCN900.CD630_31690,137
660,gene_661,iCN900.CD630_31700,516
661,gene_662,iCN900.CD630_31710,535
662,gene_663,iCN900.CD630_31720,267
663,gene_664,iCN900.CD630_31730,514
664,gene_665,iCN900.CD630_31740,419
665,gene_666,iCN900.CD630_31950,500
666,gene_667,iCN900.CD630_32150,106
667,gene_668,iCN900.CD630_32230,290
668,gene_669,iCN900.CD630_32250,309
669,gene_670,iCN900.CD630_32530,269
670,gene_671,iCN900.CD630_32560,991
671,gene_672,iCN900.CD630_32610,353
672,gene_673,iCN900.CD630_32620,195
673,gene_674,iCN900.CD630_32630,224
674,gene_675,iCN900.CD630_32680,164
677,gene_678,iCN900.CD630_32810,206
678,gene_679,iCN900.CD630_32850,510
679,gene_680,iCN900.CD630_32860,356
680,gene_681,iCN900.CD630_33940,560
681,gene_682,iCN900.CD630_33950,332
682,gene_683,iCN900.CD630_34020,239
683,gene_684,iCN900.CD630_34140,45
684,gene_685,iCN900.CD630_34150,151
685,gene_686,iCN900.CD630_34160,134
686,gene_687,iCN900.CD630_34170,111
687,gene_688,iCN900.CD630_34220,156
688,gene_689,iCN900.CD630_34240,223
689,gene_690,iCN900.CD630_34260,269
690,gene_691,iCN900.CD630_34290,191
691,gene_692,iCN900.CD630_34350,453
692,gene_693,iCN900.CD630_34400,97
693,gene_694,iCN900.CD630_34560,80
694,gene_695,iCN900.CD630_34600,294
695,gene_696,iCN900.CD630_34630,240
696,gene_697,iCN900.CD630_34680,699
697,gene_698,iCN900.CD630_34690,234
698,gene_699,iCN900.CD630_34700,682
699,gene_700,iCN900.CD630_34710,90
700,gene_701,iCN900.CD630_34720,53
701,gene_702,iCN900.CD630_34730,60
702,gene_703,iCN900.CD630_34740,155
703,gene_704,iCN900.CD630_34790,280
704,gene_705,iCN900.CD630_34880,276
705,gene_706,iCN900.CD630_34970,140
706,gene_707,iCN900.CD630_35150,142
707,gene_708,iCN900.CD630_35180,311
708,gene_709,iCN900.CD630_35270,96
710,gene_711,iCN900.CD630_35430,309
711,gene_712,iCN900.CD630_35500,214
712,gene_713,iCN900.CD630_35520,538
713,gene_714,iCN900.CD630_35550,139
714,gene_715,iCN900.CD630_35620,238
715,gene_716,iCN900.CD630_35660,149
716,gene_717,iCN900.CD630_35770,42
717,gene_718,iCN900.CD630_35880,1146
718,gene_719,iCN900.CD630_35890,355
719,gene_720,iCN900.CD630_35900,1135
720,gene_721,iCN900.CD630_35960,712
721,gene_722,iCN900.CD630_36320,202
722,gene_723,iCN900.CD630_36550,302
723,gene_724,iCN900.CD630_36640,44
724,gene_725,iCN900.CD630_36700,296
725,gene_726,iEK1008.Rv0018c,138
726,gene_727,iEK1008.Rv0125,100
727,gene_728,iEK1008.Rv0126,148
728,gene_729,iEK1008.Rv0202c,45
729,gene_730,iEK1008.Rv0220,47
731,gene_732,iEK1008.Rv0684,806
732,gene_733,iEK1008.Rv1308,478
733,gene_734,iEK1008.Rv1326c,627
734,gene_735,iEK1008.Rv1348,292
735,gene_736,iEK1008.Rv1389,134
736,gene_737,iEK1008.Rv1500,111
738,gene_739,iEK1008.Rv1631,57
739,gene_740,iEK1008.Rv1656,251
740,gene_741,iEK1008.Rv1712,169
742,gene_743,iEK1008.Rv2040c,184
744,gene_745,iEK1008.Rv2228c,38
745,gene_746,iEK1008.Rv2284,44
746,gene_747,iEK1008.Rv2334,367
747,gene_748,iEK1008.Rv2397c,91
748,gene_749,iEK1008.Rv2435c,42
749,gene_750,iEK1008.Rv2691,84
751,gene_752,iEK1008.Rv2833c,46
752,gene_753,iEK1008.Rv2899c,82
753,gene_754,iEK1008.Rv2911,89
754,gene_755,iEK1008.Rv2981c,246
755,gene_756,iEK1008.Rv2984,365
756,gene_757,iEK1008.Rv3002c,117
757,gene_758,iEK1008.Rv3010c,259
758,gene_759,iEK1008.Rv3111,161
759,gene_760,iEK1008.Rv3116,75
761,gene_762,iEK1008.Rv3265c,71
762,gene_763,iEK1008.Rv3275c,135
764,gene_765,iEK1008.Rv3624c,194
765,gene_766,iEK1008.Rv3709c,347
766,gene_767,iEK1008.Rv3710,495
767,gene_768,iEK1008.Rv3913,226
768,gene_769,iHN637.CLJU_RS00085,241
769,gene_770,iHN637.CLJU_RS00610,199
770,gene_771,iHN637.CLJU_RS00620,323
771,gene_772,iHN637.CLJU_RS00680,224
772,gene_773,iHN637.CLJU_RS00840,752
774,gene_775,iHN637.CLJU_RS01075,682
775,gene_776,iHN637.CLJU_RS01130,154
776,gene_777,iHN637.CLJU_RS01135,281
777,gene_778,iHN637.CLJU_RS01165,70
778,gene_779,iHN637.CLJU_RS01170,37
779,gene_780,iHN637.CLJU_RS01175,97
780,gene_781,iHN637.CLJU_RS01180,657
781,gene_782,iHN637.CLJU_RS01190,656
782,gene_783,iHN637.CLJU_RS01195,74
783,gene_784,iHN637.CLJU_RS01260,537
784,gene_785,iHN637.CLJU_RS01300,593
785,gene_786,iHN637.CLJU_RS01315,134
786,gene_787,iHN637.CLJU_RS01390,129
787,gene_788,iHN637.CLJU_RS01495,307
788,gene_789,iHN637.CLJU_RS01500,366
789,gene_790,iHN637.CLJU_RS01560,224
790,gene_791,iHN637.CLJU_RS01590,347
792,gene_793,iHN637.CLJU_RS02030,471
793,gene_794,iHN637.CLJU_RS02100,306
794,gene_795,iHN637.CLJU_RS02150,335
795,gene_796,iHN637.CLJU_RS02155,1108
796,gene_797,iHN637.CLJU_RS02275,328
797,gene_798,iHN637.CLJU_RS02400,42
798,gene_799,iHN637.CLJU_RS02615,535
799,gene_800,iHN637.CLJU_RS02625,315
800,gene_801,iHN637.CLJU_RS02630,246
801,gene_802,iHN637.CLJU_RS02730,536
802,gene_803,iHN637.CLJU_RS02740,313
803,gene_804,iHN637.CLJU_RS02745,244
804,gene_805,iHN637.CLJU_RS02945,225
805,gene_806,iHN637.CLJU_RS02950,357
806,gene_807,iHN637.CLJU_RS03245,166
807,gene_808,iHN637.CLJU_RS03255,204
808,gene_809,iHN637.CLJU_RS03265,493
809,gene_810,iHN637.CLJU_RS03270,676
810,gene_811,iHN637.CLJU_RS03295,437
811,gene_812,iHN637.CLJU_RS03300,452
812,gene_813,iHN637.CLJU_RS03400,575
813,gene_814,iHN637.CLJU_RS03520,232
814,gene_815,iHN637.CLJU_RS03525,197
815,gene_816,iHN637.CLJU_RS03675,266
816,gene_817,iHN637.CLJU_RS03805,597
817,gene_818,iHN637.CLJU_RS04010,1169
818,gene_819,iHN637.CLJU_RS04215,435
819,gene_820,iHN637.CLJU_RS04220,348
820,gene_821,iHN637.CLJU_RS04225,174
822,gene_823,iHN637.CLJU_RS04385,396
823,gene_824,iHN637.CLJU_RS04410,189
824,gene_825,iHN637.CLJU_RS04420,232
825,gene_826,iHN637.CLJU_RS04465,592
826,gene_827,iHN637.CLJU_RS04470,211
827,gene_828,iHN637.CLJU_RS04475,364
828,gene_829,iHN637.CLJU_RS04575,402
829,gene_830,iHN637.CLJU_RS04605,1306
830,gene_831,iHN637.CLJU_RS04950,253
831,gene_832,iHN637.CLJU_RS05135,416
832,gene_833,iHN637.CLJU_RS05190,313
833,gene_834,iHN637.CLJU_RS05195,266
834,gene_835,iHN637.CLJU_RS05200,84
835,gene_836,iHN637.CLJU_RS05255,109
836,gene_837,iHN637.CLJU_RS05470,445
837,gene_838,iHN637.CLJU_RS05505,115
838,gene_839,iHN637.CLJU_RS05525,234
839,gene_840,iHN637.CLJU_RS05570,265
840,gene_841,iHN637.CLJU_RS05575,181
841,gene_842,iHN637.CLJU_RS05585,149
842,gene_843,iHN637.CLJU_RS05590,140
843,gene_844,iHN637.CLJU_RS05595,127
844,gene_845,iHN637.CLJU_RS05660,1335
845,gene_846,iHN637.CLJU_RS05725,182
846,gene_847,iHN637.CLJU_RS05730,416
847,gene_848,iHN637.CLJU_RS05735,190
848,gene_849,iHN637.CLJU_RS05745,197
849,gene_850,iHN637.CLJU_RS05750,325
850,gene_851,iHN637.CLJU_RS05755,261
851,gene_852,iHN637.CLJU_RS05895,268
852,gene_853,iHN637.CLJU_RS06095,352
853,gene_854,iHN637.CLJU_RS06145,128
854,gene_855,iHN637.CLJU_RS06205,182
855,gene_856,iHN637.CLJU_RS06240,159
856,gene_857,iHN637.CLJU_RS06265,449
857,gene_858,iHN637.CLJU_RS06280,295
858,gene_859,iHN637.CLJU_RS06285,74
859,gene_860,iHN637.CLJU_RS06400,266
860,gene_861,iHN637.CLJU_RS06410,231
861,gene_862,iHN637.CLJU_RS06420,340
862,gene_863,iHN637.CLJU_RS06430,359
863,gene_864,iHN637.CLJU_RS06465,145
865,gene_866,iHN637.CLJU_RS06565,585
866,gene_867,iHN637.CLJU_RS06575,558
867,gene_868,iHN637.CLJU_RS06595,321
868,gene_869,iHN637.CLJU_RS06865,454
869,gene_870,iHN637.CLJU_RS07005,409
870,gene_871,iHN637.CLJU_RS07045,257
871,gene_872,iHN637.CLJU_RS08540,295
872,gene_873,iHN637.CLJU_RS08700,722
873,gene_874,iHN637.CLJU_RS08905,130
874,gene_875,iHN637.CLJU_RS08920,375
875,gene_876,iHN637.CLJU_RS08925,400
876,gene_877,iHN637.CLJU_RS09865,141
877,gene_878,iHN637.CLJU_RS09915,141
878,gene_879,iHN637.CLJU_RS10005,421
879,gene_880,iHN637.CLJU_RS10010,421
880,gene_881,iHN637.CLJU_RS10015,668
881,gene_882,iHN637.CLJU_RS10025,129
882,gene_883,iHN637.CLJU_RS10465,398
883,gene_884,iHN637.CLJU_RS10560,352
884,gene_885,iHN637.CLJU_RS10565,271
885,gene_886,iHN637.CLJU_RS10570,356
886,gene_887,iHN637.CLJU_RS10870,237
887,gene_888,iHN637.CLJU_RS10875,175
888,gene_889,iHN637.CLJU_RS10880,144
889,gene_890,iHN637.CLJU_RS11515,531
890,gene_891,iHN637.CLJU_RS11545,128
891,gene_892,iHN637.CLJU_RS11570,42
892,gene_893,iHN637.CLJU_RS11775,431
893,gene_894,iHN637.CLJU_RS11970,379
894,gene_895,iHN637.CLJU_RS12040,100
895,gene_896,iHN637.CLJU_RS12255,472
896,gene_897,iHN637.CLJU_RS13065,89
897,gene_898,iHN637.CLJU_RS13070,130
898,gene_899,iHN637.CLJU_RS13075,264
899,gene_900,iHN637.CLJU_RS13140,153
900,gene_901,iHN637.CLJU_RS13685,270
901,gene_902,iHN637.CLJU_RS13735,235
902,gene_903,iHN637.CLJU_RS13835,401
903,gene_904,iHN637.CLJU_RS14190,214
904,gene_905,iHN637.CLJU_RS14330,635
905,gene_906,iHN637.CLJU_RS14365,142
906,gene_907,iHN637.CLJU_RS14370,179
907,gene_908,iHN637.CLJU_RS14375,325
908,gene_909,iHN637.CLJU_RS14380,279
909,gene_910,iHN637.CLJU_RS14390,174
910,gene_911,iHN637.CLJU_RS14395,391
911,gene_912,iHN637.CLJU_RS14475,1219
912,gene_913,iHN637.CLJU_RS15025,221
913,gene_914,iHN637.CLJU_RS15095,360
914,gene_915,iHN637.CLJU_RS15695,162
915,gene_916,iHN637.CLJU_RS15710,257
916,gene_917,iHN637.CLJU_RS15730,204
917,gene_918,iHN637.CLJU_RS15740,242
918,gene_919,iHN637.CLJU_RS15745,237
919,gene_920,iHN637.CLJU_RS15780,420
920,gene_921,iHN637.CLJU_RS15830,248
921,gene_922,iHN637.CLJU_RS16285,225
923,gene_924,iHN637.CLJU_RS16295,145
924,gene_925,iHN637.CLJU_RS16355,384
925,gene_926,iHN637.CLJU_RS16390,183
926,gene_927,iHN637.CLJU_RS16395,172
927,gene_928,iHN637.CLJU_RS16615,605
928,gene_929,iHN637.CLJU_RS16730,280
929,gene_930,iHN637.CLJU_RS16855,286
930,gene_931,iHN637.CLJU_RS16870,405
931,gene_932,iHN637.CLJU_RS16970,357
932,gene_933,iHN637.CLJU_RS17035,225
933,gene_934,iHN637.CLJU_RS17040,311
934,gene_935,iHN637.CLJU_RS17100,243
935,gene_936,iHN637.CLJU_RS17105,962
936,gene_937,iHN637.CLJU_RS17500,66
937,gene_938,iHN637.CLJU_RS17575,318
938,gene_939,iHN637.CLJU_RS17580,197
939,gene_940,iHN637.CLJU_RS17585,321
940,gene_941,iHN637.CLJU_RS17590,120
941,gene_942,iHN637.CLJU_RS17595,395
942,gene_943,iHN637.CLJU_RS18285,516
943,gene_944,iHN637.CLJU_RS18300,654
944,gene_945,iHN637.CLJU_RS18325,286
945,gene_946,iHN637.CLJU_RS18335,596
946,gene_947,iHN637.CLJU_RS18405,193
947,gene_948,iHN637.CLJU_RS18530,275
948,gene_949,iHN637.CLJU_RS18535,132
949,gene_950,iHN637.CLJU_RS18540,729
950,gene_951,iHN637.CLJU_RS18940,460
951,gene_952,iHN637.CLJU_RS19255,519
952,gene_953,iHN637.CLJU_RS19260,556
953,gene_954,iHN637.CLJU_RS19265,280
954,gene_955,iHN637.CLJU_RS19270,501
955,gene_956,iHN637.CLJU_RS19350,228
956,gene_957,iHN637.CLJU_RS19405,207
957,gene_958,iHN637.CLJU_RS19680,459
959,gene_960,iHN637.CLJU_RS19905,598
960,gene_961,iHN637.CLJU_RS19990,201
961,gene_962,iHN637.CLJU_RS19995,328
962,gene_963,iHN637.CLJU_RS20110,204
963,gene_964,iHN637.CLJU_RS20420,395
964,gene_965,iHN637.CLJU_RS20455,152
965,gene_966,iHN637.CLJU_RS20465,209
966,gene_967,iHN637.CLJU_RS20535,147
967,gene_968,iHN637.CLJU_RS20580,83
968,gene_969,iHN637.CLJU_RS20585,142
969,gene_970,iHN637.CLJU_RS20600,296
970,gene_971,iHN637.CLJU_RS20680,465
971,gene_972,iHN637.CLJU_RS20735,277
972,gene_973,iHN637.CLJU_RS20740,261
973,gene_974,iHN637.CLJU_RS20750,162
974,gene_975,iHN637.CLJU_RS20760,438
975,gene_976,iHN637.CLJU_RS20765,240
976,gene_977,iHN637.CLJU_RS20770,209
977,gene_978,iHN637.CLJU_RS20775,312
978,gene_979,iHN637.CLJU_RS20860,288
979,gene_980,iIS312.TCDM_08491,236
980,gene_981,iIT341.HP0089,107
981,gene_982,iIT341.HP0364,262
983,gene_984,iIT341.HP0680,482
984,gene_985,iIT341.HP0687,47
985,gene_986,iIT341.HP0742,82
986,gene_987,iIT341.HP0819,75
987,gene_988,iIT341.HP0824,98
988,gene_989,iIT341.HP1038,99
989,gene_990,iIT341.HP1099,158
990,gene_991,iIT341.HP1132,567
991,gene_992,iIT341.HP1134,484
992,gene_993,iIT341.HP1169,190
993,gene_994,iIT341.HP1229,337
994,gene_995,iIT341.HP1576,164
995,gene_996,iJN1463.PP_0043,182
996,gene_997,iJN1463.PP_0065,221
997,gene_998,iJN1463.PP_0112,142
998,gene_999,iJN1463.PP_0113,175
999,gene_1000,iJN1463.PP_0114,163
1000,gene_1001,iJN1463.PP_0118,74
1001,gene_1002,iJN1463.PP_0137,142
1002,gene_1003,iJN1463.PP_0184,438
1003,gene_1004,iJN1463.PP_0219,167
1004,gene_1005,iJN1463.PP_0220,169
1005,gene_1006,iJN1463.PP_0225,273
1006,gene_1007,iJN1463.PP_0227,121
1007,gene_1008,iJN1463.PP_0240,73
1008,gene_1009,iJN1463.PP_0282,110
1009,gene_1010,iJN1463.PP_0289,187
1010,gene_1011,iJN1463.PP_0391,88
1011,gene_1012,iJN1463.PP_0411,115
1012,gene_1013,iJN1463.PP_0416,95
1013,gene_1014,iJN1463.PP_0527,418
1014,gene_1015,iJN1463.PP_0528,201
1015,gene_1016,iJN1463.PP_0671,478
1016,gene_1017,iJN1463.PP_0762,209
1017,gene_1018,iJN1463.PP_0793,214
1018,gene_1019,iJN1463.PP_0833,360
1019,gene_1020,iJN1463.PP_0843,137
1020,gene_1021,iJN1463.PP_0868,110
1021,gene_1022,iJN1463.PP_0879,104
1023,gene_1024,iJN1463.PP_0936,142
1025,gene_1026,iJN1463.PP_0964,248
1026,gene_1027,iJN1463.PP_0965,170
1027,gene_1028,iJN1463.PP_0967,315
1028,gene_1029,iJN1463.PP_1025,489
1029,gene_1030,iJN1463.PP_1075,597
1030,gene_1031,iJN1463.PP_1137,258
1031,gene_1032,iJN1463.PP_1138,253
1032,gene_1033,iJN1463.PP_1139,182
1034,gene_1035,iJN1463.PP_1144,165
1035,gene_1036,iJN1463.PP_1167,380
1036,gene_1037,iJN1463.PP_1169,182
1037,gene_1038,iJN1463.PP_1280,312
1038,gene_1039,iJN1463.PP_1292,152
1039,gene_1040,iJN1463.PP_1336,173
1040,gene_1041,iJN1463.PP_1403,103
1041,gene_1042,iJN1463.PP_1506,206
1042,gene_1043,iJN1463.PP_1612,487
1043,gene_1044,iJN1463.PP_1665,323
1044,gene_1045,iJN1463.PP_1674,44
1045,gene_1046,iJN1463.PP_1678,72
1046,gene_1047,iJN1463.PP_1681,84
1047,gene_1048,iJN1463.PP_1722,107
1048,gene_1049,iJN1463.PP_1768,343
1049,gene_1050,iJN1463.PP_1783,367
1050,gene_1051,iJN1463.PP_1805,319
1051,gene_1052,iJN1463.PP_1924,95
1052,gene_1053,iJN1463.PP_1988,398
1053,gene_1054,iJN1463.PP_2008,249
1054,gene_1055,iJN1463.PP_2012,152
1055,gene_1056,iJN1463.PP_2123,60
1057,gene_1058,iJN1463.PP_2179,118
1058,gene_1059,iJN1463.PP_2407,95
1059,gene_1060,iJN1463.PP_2410,176
1060,gene_1061,iJN1463.PP_2416,75
1061,gene_1062,iJN1463.PP_2443,384
1062,gene_1063,iJN1463.PP_2456,57
1063,gene_1064,iJN1463.PP_2469,348
1064,gene_1065,iJN1463.PP_2528,462
1065,gene_1066,iJN1463.PP_2668,125
1066,gene_1067,iJN1463.PP_2794,109
1067,gene_1068,iJN1463.PP_2872,65
1068,gene_1069,iJN1463.PP_2904,589
1069,gene_1070,iJN1463.PP_3285,88
1070,gene_1071,iJN1463.PP_3461,167
1071,gene_1072,iJN1463.PP_3581,154
1072,gene_1073,iJN1463.PP_3597,164
1073,gene_1074,iJN1463.PP_3598,122
1074,gene_1075,iJN1463.PP_3633,248
1075,gene_1076,iJN1463.PP_3715,139
1076,gene_1077,iJN1463.PP_3844,223
1077,gene_1078,iJN1463.PP_4000,248
1079,gene_1080,iJN1463.PP_4058,673
1080,gene_1081,iJN1463.PP_4059,148
1081,gene_1082,iJN1463.PP_4144,51
1082,gene_1083,iJN1463.PP_4210,238
1083,gene_1084,iJN1463.PP_4213,57
1084,gene_1085,iJN1463.PP_4301,194
1085,gene_1086,iJN1463.PP_4405,62
1086,gene_1087,iJN1463.PP_4473,356
1088,gene_1089,iJN1463.PP_4549,125
1089,gene_1090,iJN1463.PP_4636,391
1090,gene_1091,iJN1463.PP_4639,87
1091,gene_1092,iJN1463.PP_4653,357
1092,gene_1093,iJN1463.PP_4724,324
1093,gene_1094,iJN1463.PP_4736,105
1094,gene_1095,iJN1463.PP_4803,102
1095,gene_1096,iJN1463.PP_4811,333
1096,gene_1097,iJN1463.PP_4846,86
1097,gene_1098,iJN1463.PP_4863,244
1098,gene_1099,iJN1463.PP_4865,169
1099,gene_1100,iJN1463.PP_4889,300
1101,gene_1102,iJN1463.PP_4935,287
1103,gene_1104,iJN1463.PP_4946,326
1104,gene_1105,iJN1463.PP_5056,537
1105,gene_1106,iJN1463.PP_5084,137
1106,gene_1107,iJN1463.PP_5123,153
1107,gene_1108,iJN1463.PP_5137,99
1108,gene_1109,iJN1463.PP_5168,108
1109,gene_1110,iJN1463.PP_5215,97
1110,gene_1111,iJN1463.PP_5217,382
1112,gene_1113,iJN1463.PP_5346,497
1113,gene_1114,iJN1463.PP_5411,139
1114,gene_1115,iJN1463.PP_5413,556
1115,gene_1116,iJN1463.PP_5415,473
1116,gene_1117,iLB1027_lipid.PHATRDRAFT_16944,138
1117,gene_1118,iLB1027_lipid.PHATRDRAFT_19000,199
1118,gene_1119,iLB1027_lipid.PHATRDRAFT_20015,187
1119,gene_1120,iLB1027_lipid.PHATRDRAFT_20318,72
1120,gene_1121,iLB1027_lipid.PHATRDRAFT_20342,464
1121,gene_1122,iLB1027_lipid.PHATRDRAFT_20934,361
1122,gene_1123,iLB1027_lipid.PHATRDRAFT_22568,114
1123,gene_1124,iLB1027_lipid.PHATRDRAFT_23920,132
1124,gene_1125,iLB1027_lipid.PHATRDRAFT_31440,49
1125,gene_1126,iLB1027_lipid.PHATRDRAFT_47067,362
1126,gene_1127,iLB1027_lipid.PHATRDRAFT_50372,149
1127,gene_1128,iLB1027_lipid.PHATRDRAFT_54086,563
1128,gene_1129,iLB1027_lipid.PHATRDRAFT_9348,200
1129,gene_1130,iLJ478.TM0025,372
1130,gene_1131,iLJ478.TM0067,360
1131,gene_1132,iLJ478.TM0068,522
1132,gene_1133,iLJ478.TM0069,394
1133,gene_1134,iLJ478.TM0076,111
1134,gene_1135,iLJ478.TM0079,143
1135,gene_1136,iLJ478.TM0115,315
1136,gene_1137,iLJ478.TM0124,75
1138,gene_1139,iLJ478.TM0167,354
1139,gene_1140,iLJ478.TM0274,446
1140,gene_1141,iLJ478.TM0282,244
1141,gene_1142,iLJ478.TM0293,340
1142,gene_1143,iLJ478.TM0349,100
1143,gene_1144,iLJ478.TM0356,384
1144,gene_1145,iLJ478.TM0402,441
1145,gene_1146,iLJ478.TM0446,135
1147,gene_1148,iLJ478.TM0550,404
1148,gene_1149,iLJ478.TM0551,592
1149,gene_1150,iLJ478.TM0557,55
1150,gene_1151,iLJ478.TM0716,135
1151,gene_1152,iLJ478.TM0717,43
1153,gene_1154,iLJ478.TM0751,131
1154,gene_1155,iLJ478.TM0819,331
1155,gene_1156,iLJ478.TM0822,430
1156,gene_1157,iLJ478.TM0869,232
1157,gene_1158,iLJ478.TM0877,484
1158,gene_1159,iLJ478.TM0880,288
1159,gene_1160,iLJ478.TM0881,358
1160,gene_1161,iLJ478.TM0956,330
1161,gene_1162,iLJ478.TM1036,251
1162,gene_1163,iLJ478.TM1062,155
1163,gene_1164,iLJ478.TM1088,115
1164,gene_1165,iLJ478.TM1121,137
1165,gene_1166,iLJ478.TM1135,141
1166,gene_1167,iLJ478.TM1136,254
1167,gene_1168,iLJ478.TM1138,274
1168,gene_1169,iLJ478.TM1139,257
1169,gene_1170,iLJ478.TM1148,474
1170,gene_1171,iLJ478.TM1161,242
1171,gene_1172,iLJ478.TM1192,153
1172,gene_1173,iLJ478.TM1193,615
1173,gene_1174,iLJ478.TM1351,167
1174,gene_1175,iLJ478.TM1361,883
1175,gene_1176,iLJ478.TM1374,68
1176,gene_1177,iLJ478.TM1379,238
1177,gene_1178,iLJ478.TM1384,51
1178,gene_1179,iLJ478.TM1430,615
1179,gene_1180,iLJ478.TM1469,158
1180,gene_1181,iLJ478.TM1585,371
1181,gene_1182,iLJ478.TM1610,639
1182,gene_1183,iLJ478.TM1612,521
1183,gene_1184,iLJ478.TM1624,67
1184,gene_1185,iLJ478.TM1628,90
1186,gene_1187,iLJ478.TM1640,230
1187,gene_1188,iLJ478.TM1653,405
1188,gene_1189,iLJ478.TM1724,78
1189,gene_1190,iLJ478.TM1845,372
1190,gene_1191,iLJ478.TM1848,1089
1192,gene_1193,iML1515.b0089,90
1193,gene_1194,iML1515.b0103,95
1195,gene_1196,iML1515.b0174,199
1196,gene_1197,iML1515.b0199,285
1197,gene_1198,iML1515.b0243,329
1198,gene_1199,iML1515.b0273,396
1199,gene_1200,iML1515.b0381,256
1200,gene_1201,iML1515.b0386,189
1201,gene_1202,iML1515.b0420,426
1202,gene_1203,iML1515.b0474,208
1203,gene_1204,iML1515.b0638,65
1204,gene_1205,iML1515.b0650,261
1205,gene_1206,iML1515.b0757,131
1206,gene_1207,iML1515.b0766,40
1207,gene_1208,iML1515.b0783,154
1208,gene_1209,iML1515.b0822,63
1209,gene_1210,iML1515.b0827,202
1210,gene_1211,iML1515.b0831,138
1211,gene_1212,iML1515.b0844,77
1212,gene_1213,iML1515.b0855,127
1213,gene_1214,iML1515.b0860,109
1214,gene_1215,iML1515.b0863,112
1216,gene_1217,iML1515.b0903,882
1218,gene_1219,iML1515.b0914,280
1219,gene_1220,iML1515.b0933,75
1220,gene_1221,iML1515.b1010,52
1221,gene_1222,iML1515.b1015,321
1222,gene_1223,iML1515.b1091,226
1223,gene_1224,iML1515.b1103,90
1224,gene_1225,iML1515.b1126,98
1225,gene_1226,iML1515.b1207,83
1226,gene_1227,iML1515.b1238,139
1227,gene_1228,iML1515.b1243,79
1228,gene_1229,iML1515.b1270,94
1229,gene_1230,iML1515.b1285,65
1231,gene_1232,iML1515.b1329,66
1232,gene_1233,iML1515.b1330,128
1234,gene_1235,iML1515.b1521,385
1236,gene_1237,iML1515.b1616,186
1237,gene_1238,iML1515.b1617,492
1238,gene_1239,iML1515.b1655,82
1239,gene_1240,iML1515.b1711,157
1240,gene_1241,iML1515.b1727,90
1241,gene_1242,iML1515.b1771,276
1242,gene_1243,iML1515.b1805,135
1243,gene_1244,iML1515.b1817,91
1244,gene_1245,iML1515.b1821,82
1245,gene_1246,iML1515.b1850,152
1246,gene_1247,iML1515.b1856,90
1247,gene_1248,iML1515.b1858,80
1248,gene_1249,iML1515.b1917,251
1249,gene_1250,iML1515.b1918,162
1250,gene_1251,iML1515.b1920,118
1251,gene_1252,iML1515.b1985,196
1252,gene_1253,iML1515.b1991,222
1253,gene_1254,iML1515.b1993,68
1254,gene_1255,iML1515.b2036,483
1255,gene_1256,iML1515.b2039,394
1256,gene_1257,iML1515.b2047,121
1257,gene_1258,iML1515.b2134,95
1258,gene_1259,iML1515.b2148,243
1259,gene_1260,iML1515.b2149,494
1260,gene_1261,iML1515.b2150,178
1261,gene_1262,iML1515.b2166,73
1262,gene_1263,iML1515.b2173,92
1263,gene_1264,iML1515.b2175,50
1264,gene_1265,iML1515.b2254,108
1265,gene_1266,iML1515.b2411,520
1266,gene_1267,iML1515.b2415,68
1267,gene_1268,iML1515.b2416,400
1268,gene_1269,iML1515.b2417,132
1269,gene_1270,iML1515.b2422,93
1270,gene_1271,iML1515.b2499,346
1271,gene_1272,iML1515.b2529,128
1272,gene_1273,iML1515.b2530,201
1273,gene_1274,iML1515.b2551,471
1274,gene_1275,iML1515.b2582,93
1275,gene_1276,iML1515.b2615,137
1276,gene_1277,iML1515.b2690,98
1277,gene_1278,iML1515.b2700,118
1279,gene_1280,iML1515.b2781,157
1280,gene_1281,iML1515.b2799,408
1281,gene_1282,iML1515.b2842,104
1282,gene_1283,iML1515.b2843,315
1283,gene_1284,iML1515.b2954,164
1284,gene_1285,iML1515.b3040,65
1285,gene_1286,iML1515.b3089,377
1286,gene_1287,iML1515.b3091,484
1287,gene_1288,iML1515.b3092,491
1289,gene_1290,iML1515.b3225,162
1290,gene_1291,iML1515.b3290,216
1291,gene_1292,iML1515.b3291,80
1292,gene_1293,iML1515.b3371,96
1293,gene_1294,iML1515.b3396,117
1294,gene_1295,iML1515.b3403,723
1295,gene_1296,iML1515.b3409,47
1296,gene_1297,iML1515.b3417,654
1297,gene_1298,iML1515.b3428,640
1298,gene_1299,iML1515.b3432,634
1299,gene_1300,iML1515.b3454,249
1300,gene_1301,iML1515.b3455,246
1301,gene_1302,iML1515.b3456,166
1302,gene_1303,iML1515.b3469,36
1303,gene_1304,iML1515.b3577,43
1304,gene_1305,iML1515.b3590,79
1305,gene_1306,iML1515.b3612,516
1306,gene_1307,iML1515.b3634,159
1307,gene_1308,iML1515.b3640,129
1308,gene_1309,iML1515.b3697,133
1309,gene_1310,iML1515.b3730,132
1310,gene_1311,iML1515.b3732,554
1311,gene_1312,iML1515.b3734,481
1313,gene_1314,iML1515.b3751,49
1314,gene_1315,iML1515.b3781,102
1315,gene_1316,iML1515.b3789,369
1316,gene_1317,iML1515.b3826,68
1317,gene_1318,iML1515.b3856,94
1318,gene_1319,iML1515.b3885,50
1320,gene_1321,iML1515.b3992,74
1321,gene_1322,iML1515.b4090,144
1322,gene_1323,iML1515.b4120,248
1323,gene_1324,iML1515.b4167,130
1324,gene_1325,iML1515.b4169,60
1325,gene_1326,iML1515.b4173,219
1326,gene_1327,iML1515.b4177,280
1327,gene_1328,iML1515.b4237,127
1328,gene_1329,iML1515.b4238,413
1329,gene_1330,iML1515.b4254,399
1330,gene_1331,iML1515.b4266,205
1331,gene_1332,iML1515.b4352,74
1332,gene_1333,iML1515.b4374,135
1333,gene_1334,iML1515.b4384,193
1335,gene_1336,iMM1415.107272,316
1336,gene_1337,iMM1415.110006,155
1337,gene_1338,iMM1415.110095,665
1338,gene_1339,iMM1415.11303,125
1339,gene_1340,iMM1415.11431,103
1340,gene_1341,iMM1415.11565,279
1341,gene_1342,iMM1415.11566,290
1342,gene_1343,iMM1415.11946,478
1343,gene_1344,iMM1415.11947,583
1344,gene_1345,iMM1415.14387,273
1345,gene_1346,iMM1415.14411,131
1346,gene_1347,iMM1415.15567,111
1347,gene_1348,iMM1415.15926,439
1348,gene_1349,iMM1415.18195,142
1349,gene_1350,iMM1415.18563,43
1350,gene_1351,iMM1415.18639,50
1351,gene_1352,iMM1415.18670,214
1352,gene_1353,iMM1415.19309,677
1353,gene_1354,iMM1415.232333,132
1354,gene_1355,iMM1415.232714,246
1355,gene_1356,iMM1415.23945,75
1356,gene_1357,iMM1415.240332,130
1357,gene_1358,iMM1415.243616,116
1358,gene_1359,iMM1415.269951,454
1359,gene_1360,iMM1415.320685,212
1360,gene_1361,iMM1415.56185,108
1361,gene_1362,iMM1415.66401,60
1362,gene_1363,iMM1415.66646,204
1363,gene_1364,iMM1415.69983,235
1364,gene_1365,iMM904.YAR015W,276
1365,gene_1366,iMM904.YBL099W,479
1366,gene_1367,iMM904.YBR034C,42
1367,gene_1368,iMM904.YDL066W,452
1368,gene_1369,iMM904.YDR158W,253
1369,gene_1370,iMM904.YJL121C,187
1370,gene_1371,iMM904.YJR121W,578
1371,gene_1372,iMM904.YLL018C,219
1372,gene_1373,iMM904.YML059C,56
1373,gene_1374,iMM904.YOR128C,131
1374,gene_1375,iMM904.YPR033C,125
1375,gene_1376,iNF517.LLMG_RS00415,72
1376,gene_1377,iNF517.LLMG_RS00430,397
1377,gene_1378,iNF517.LLMG_RS00495,494
1378,gene_1379,iNF517.LLMG_RS00670,67
1379,gene_1380,iNF517.LLMG_RS00675,381
1380,gene_1381,iNF517.LLMG_RS01055,449
1381,gene_1382,iNF517.LLMG_RS01090,381
1382,gene_1383,iNF517.LLMG_RS01180,486
1383,gene_1384,iNF517.LLMG_RS01465,430
1384,gene_1385,iNF517.LLMG_RS01625,103
1385,gene_1386,iNF517.LLMG_RS01970,156
1386,gene_1387,iNF517.LLMG_RS01995,527
1387,gene_1388,iNF517.LLMG_RS02055,323
1388,gene_1389,iNF517.LLMG_RS02290,380
1389,gene_1390,iNF517.LLMG_RS02785,384
1390,gene_1391,iNF517.LLMG_RS02890,147
1391,gene_1392,iNF517.LLMG_RS02930,491
1392,gene_1393,iNF517.LLMG_RS02940,322
1393,gene_1394,iNF517.LLMG_RS03215,486
1394,gene_1395,iNF517.LLMG_RS03315,401
1395,gene_1396,iNF517.LLMG_RS03735,231
1397,gene_1398,iNF517.LLMG_RS03940,215
1398,gene_1399,iNF517.LLMG_RS03945,305
1399,gene_1400,iNF517.LLMG_RS04060,337
1400,gene_1401,iNF517.LLMG_RS04065,42
1401,gene_1402,iNF517.LLMG_RS04525,213
1402,gene_1403,iNF517.LLMG_RS04530,355
1403,gene_1404,iNF517.LLMG_RS04660,219
1404,gene_1405,iNF517.LLMG_RS04970,410
1405,gene_1406,iNF517.LLMG_RS05020,335
1406,gene_1407,iNF517.LLMG_RS05085,130
1407,gene_1408,iNF517.LLMG_RS05530,1069
1408,gene_1409,iNF517.LLMG_RS06000,495
1409,gene_1410,iNF517.LLMG_RS06045,160
1410,gene_1411,iNF517.LLMG_RS06540,259
1411,gene_1412,iNF517.LLMG_RS06560,181
1412,gene_1413,iNF517.LLMG_RS06565,384
1413,gene_1414,iNF517.LLMG_RS06585,309
1414,gene_1415,iNF517.LLMG_RS06665,233
1415,gene_1416,iNF517.LLMG_RS06750,240
1416,gene_1417,iNF517.LLMG_RS07195,120
1417,gene_1418,iNF517.LLMG_RS07220,171
1418,gene_1419,iNF517.LLMG_RS07275,375
1419,gene_1420,iNF517.LLMG_RS07320,93
1420,gene_1421,iNF517.LLMG_RS07670,273
1421,gene_1422,iNF517.LLMG_RS08000,121
1422,gene_1423,iNF517.LLMG_RS08030,674
1423,gene_1424,iNF517.LLMG_RS08170,188
1424,gene_1425,iNF517.LLMG_RS08455,244
1426,gene_1427,iNF517.LLMG_RS08710,175
1427,gene_1428,iNF517.LLMG_RS08750,801
1428,gene_1429,iNF517.LLMG_RS08920,284
1429,gene_1430,iNF517.LLMG_RS08925,260
1431,gene_1432,iNF517.LLMG_RS08950,88
1432,gene_1433,iNF517.LLMG_RS08955,201
1433,gene_1434,iNF517.LLMG_RS09360,365
1434,gene_1435,iNF517.LLMG_RS09365,655
1435,gene_1436,iNF517.LLMG_RS09700,219
1437,gene_1438,iNF517.LLMG_RS09720,282
1438,gene_1439,iNF517.LLMG_RS09735,558
1439,gene_1440,iNF517.LLMG_RS09740,160
1440,gene_1441,iNF517.LLMG_RS09745,491
1441,gene_1442,iNF517.LLMG_RS09915,289
1442,gene_1443,iNF517.LLMG_RS10005,280
1443,gene_1444,iNF517.LLMG_RS10360,136
1444,gene_1445,iNF517.LLMG_RS10780,130
1445,gene_1446,iNF517.LLMG_RS10835,320
1446,gene_1447,iNF517.LLMG_RS10940,280
1447,gene_1448,iNF517.LLMG_RS11030,339
1448,gene_1449,iNF517.LLMG_RS11055,315
1449,gene_1450,iNF517.LLMG_RS11155,132
1450,gene_1451,iNF517.LLMG_RS11205,446
1451,gene_1452,iNF517.LLMG_RS11210,111
1452,gene_1453,iNF517.LLMG_RS11535,219
1454,gene_1455,iNF517.LLMG_RS11965,405
1455,gene_1456,iNF517.LLMG_RS12010,73
1456,gene_1457,iNF517.LLMG_RS12290,481
1457,gene_1458,iNF517.LLMG_RS12440,267
1458,gene_1459,iNF517.LLMG_RS12755,399
1459,gene_1460,iPC815.YPO0047,121
1460,gene_1461,iPC815.YPO0053,155
1461,gene_1462,iPC815.YPO0132,47
1462,gene_1463,iPC815.YPO0138,741
1463,gene_1464,iPC815.YPO0145,139
1464,gene_1465,iPC815.YPO0239,223
1465,gene_1466,iPC815.YPO0241,239
1466,gene_1467,iPC815.YPO0378,285
1468,gene_1469,iPC815.YPO0425,66
1469,gene_1470,iPC815.YPO0440,192
1470,gene_1471,iPC815.YPO0579,481
1471,gene_1472,iPC815.YPO0581,473
1472,gene_1473,iPC815.YPO0584,391
1473,gene_1474,iPC815.YPO0616,102
1474,gene_1475,iPC815.YPO0945,159
1475,gene_1476,iPC815.YPO1073,300
1476,gene_1477,iPC815.YPO1106,140
1477,gene_1478,iPC815.YPO1137,125
1478,gene_1479,iPC815.YPO1198,112
1479,gene_1480,iPC815.YPO1332,118
1480,gene_1481,iPC815.YPO1379,242
1482,gene_1483,iPC815.YPO1389,318
1483,gene_1484,iPC815.YPO1395,276
1484,gene_1485,iPC815.YPO1507,180
1485,gene_1486,iPC815.YPO1508,476
1486,gene_1487,iPC815.YPO1509,226
1487,gene_1488,iPC815.YPO1569,104
1489,gene_1490,iPC815.YPO1597,215
1491,gene_1492,iPC815.YPO1758,96
1492,gene_1493,iPC815.YPO1913,298
1493,gene_1494,iPC815.YPO1914,272
1494,gene_1495,iPC815.YPO1926,266
1495,gene_1496,iPC815.YPO2013,84
1496,gene_1497,iPC815.YPO2060,78
1497,gene_1498,iPC815.YPO2067,164
1498,gene_1499,iPC815.YPO2176,147
1499,gene_1500,iPC815.YPO2295,132
1500,gene_1501,iPC815.YPO2421,112
1501,gene_1502,iPC815.YPO2425,156
1502,gene_1503,iPC815.YPO2512,114
1503,gene_1504,iPC815.YPO2514,165
1504,gene_1505,iPC815.YPO2539,219
1505,gene_1506,iPC815.YPO2607,89
1506,gene_1507,iPC815.YPO2628,373
1507,gene_1508,iPC815.YPO2630,579
1508,gene_1509,iPC815.YPO2828,354
1509,gene_1510,iPC815.YPO2896,194
1510,gene_1511,iPC815.YPO2993,66
1511,gene_1512,iPC815.YPO2995,127
1513,gene_1514,iPC815.YPO3076,130
1514,gene_1515,iPC815.YPO3118,204
1515,gene_1516,iPC815.YPO3144,250
1516,gene_1517,iPC815.YPO3172,85
1517,gene_1518,iPC815.YPO3176,187
1518,gene_1519,iPC815.YPO3177,426
1519,gene_1520,iPC815.YPO3221,341
1520,gene_1521,iPC815.YPO3270,84
1522,gene_1523,iPC815.YPO3384,102
1523,gene_1524,iPC815.YPO3446,401
1524,gene_1525,iPC815.YPO3454,404
1525,gene_1526,iPC815.YPO3804,246
1526,gene_1527,iPC815.YPO3805,244
1527,gene_1528,iPC815.YPO3806,172
1528,gene_1529,iPC815.YPO3861,377
1529,gene_1530,iPC815.YPO3868,98
1530,gene_1531,iPC815.YPO3938,626
1531,gene_1532,iPC815.YPO3942,651
1532,gene_1533,iPC815.YPO3964,306
1533,gene_1534,iPC815.YPO4121,565
1534,gene_1535,iPC815.YPO4123,481
1535,gene_1536,iSDY_1059.SDY_0093,99
1536,gene_1537,iSDY_1059.SDY_0108,123
1537,gene_1538,iSDY_1059.SDY_0133,95
1538,gene_1539,iSDY_1059.SDY_0175,106
1539,gene_1540,iSDY_1059.SDY_0190,199
1540,gene_1541,iSDY_1059.SDY_0218,291
1541,gene_1542,iSDY_1059.SDY_0310,414
1542,gene_1543,iSDY_1059.SDY_0356,198
1543,gene_1544,iSDY_1059.SDY_0365,254
1544,gene_1545,iSDY_1059.SDY_0445,205
1545,gene_1546,iSDY_1059.SDY_0473,328
1546,gene_1547,iSDY_1059.SDY_0614,586
1547,gene_1548,iSDY_1059.SDY_0704,123
1548,gene_1549,iSDY_1059.SDY_0740,115
1549,gene_1550,iSDY_1059.SDY_0756,138
1550,gene_1551,iSDY_1059.SDY_0760,203
1551,gene_1552,iSDY_1059.SDY_0761,70
1552,gene_1553,iSDY_1059.SDY_0823,151
1553,gene_1554,iSDY_1059.SDY_0985,51
1554,gene_1555,iSDY_1059.SDY_0990,326
1555,gene_1556,iSDY_1059.SDY_1025,203
1556,gene_1557,iSDY_1059.SDY_1136,150
1557,gene_1558,iSDY_1059.SDY_1145,78
1558,gene_1559,iSDY_1059.SDY_1256,84
1559,gene_1560,iSDY_1059.SDY_1290,142
1560,gene_1561,iSDY_1059.SDY_1301,79
1561,gene_1562,iSDY_1059.SDY_1340,85
1562,gene_1563,iSDY_1059.SDY_1409,66
1563,gene_1564,iSDY_1059.SDY_1567,77
1564,gene_1565,iSDY_1059.SDY_1709,145
1565,gene_1566,iSDY_1059.SDY_1806,159
1566,gene_1567,iSDY_1059.SDY_1860,292
1567,gene_1568,iSDY_1059.SDY_1936,60
1568,gene_1569,iSDY_1059.SDY_2026,99
1569,gene_1570,iSDY_1059.SDY_2059,224
1570,gene_1571,iSDY_1059.SDY_2154,95
1571,gene_1572,iSDY_1059.SDY_2206,389
1573,gene_1574,iSDY_1059.SDY_2344,285
1574,gene_1575,iSDY_1059.SDY_2354,306
1575,gene_1576,iSDY_1059.SDY_2358,882
1576,gene_1577,iSDY_1059.SDY_2558,239
1577,gene_1578,iSDY_1059.SDY_2608,517
1578,gene_1579,iSDY_1059.SDY_2612,68
1579,gene_1580,iSDY_1059.SDY_2613,401
1580,gene_1581,iSDY_1059.SDY_2614,129
1581,gene_1582,iSDY_1059.SDY_2618,110
1582,gene_1583,iSDY_1059.SDY_2688,345
1583,gene_1584,iSDY_1059.SDY_2725,127
1585,gene_1586,iSDY_1059.SDY_2741,460
1586,gene_1587,iSDY_1059.SDY_2825,93
1587,gene_1588,iSDY_1059.SDY_2837,94
1588,gene_1589,iSDY_1059.SDY_2887,92
1590,gene_1591,iSDY_1059.SDY_2998,160
1591,gene_1592,iSDY_1059.SDY_3016,411
1592,gene_1593,iSDY_1059.SDY_3118,164
1593,gene_1594,iSDY_1059.SDY_3200,69
1594,gene_1595,iSDY_1059.SDY_3274,377
1595,gene_1596,iSDY_1059.SDY_3276,482
1597,gene_1598,iSDY_1059.SDY_3400,168
1598,gene_1599,iSDY_1059.SDY_3464,240
1599,gene_1600,iSDY_1059.SDY_3466,215
1600,gene_1601,iSDY_1059.SDY_3574,640
1601,gene_1602,iSDY_1059.SDY_3578,632
1602,gene_1603,iSDY_1059.SDY_3603,247
1603,gene_1604,iSDY_1059.SDY_3604,250
1604,gene_1605,iSDY_1059.SDY_3605,166
1605,gene_1606,iSDY_1059.SDY_3620,36
1606,gene_1607,iSDY_1059.SDY_3659,655
1607,gene_1608,iSDY_1059.SDY_3667,47
1608,gene_1609,iSDY_1059.SDY_3673,721
1609,gene_1610,iSDY_1059.SDY_3682,145
1610,gene_1611,iSDY_1059.SDY_3734,73
1612,gene_1613,iSDY_1059.SDY_3889,93
1613,gene_1614,iSDY_1059.SDY_3917,66
1614,gene_1615,iSDY_1059.SDY_3959,367
1615,gene_1616,iSDY_1059.SDY_3968,102
1616,gene_1617,iSDY_1059.SDY_4014,487
1617,gene_1618,iSDY_1059.SDY_4016,554
1618,gene_1619,iSDY_1059.SDY_4018,132
1619,gene_1620,iSDY_1059.SDY_4045,514
1620,gene_1621,iSDY_1059.SDY_4064,154
1621,gene_1622,iSDY_1059.SDY_4070,128
1622,gene_1623,iSDY_1059.SDY_4256,128
1623,gene_1624,iSDY_1059.SDY_4257,412
1624,gene_1625,iSDY_1059.SDY_4276,405
1627,gene_1628,iSDY_1059.SDY_4633,132
1628,gene_1629,iSDY_1059.SDY_4644,193
1629,gene_1630,iSDY_1059.SDY_4656,62
1631,gene_1632,iSF_1195.SF0073,121
1634,gene_1635,iSF_1195.SF0164,199
1635,gene_1636,iSF_1195.SF0190,286
1636,gene_1637,iSF_1195.SF0232,250
1637,gene_1638,iSF_1195.SF0293,331
1638,gene_1639,iSF_1195.SF0322,193
1639,gene_1640,iSF_1195.SF0357,408
1640,gene_1641,iSF_1195.SF0419,208
1641,gene_1642,iSF_1195.SF0538,61
1642,gene_1643,iSF_1195.SF0547,131
1643,gene_1644,iSF_1195.SF0613,589
1644,gene_1645,iSF_1195.SF0643,65
1645,gene_1646,iSF_1195.SF0733,155
1646,gene_1647,iSF_1195.SF0772,79
1647,gene_1648,iSF_1195.SF0776,70
1648,gene_1649,iSF_1195.SF0777,207
1649,gene_1650,iSF_1195.SF0781,122
1650,gene_1651,iSF_1195.SF0809,125
1651,gene_1652,iSF_1195.SF0817,110
1653,gene_1654,iSF_1195.SF0898,888
1654,gene_1655,iSF_1195.SF0902,309
1655,gene_1656,iSF_1195.SF0910,280
1656,gene_1657,iSF_1195.SF0930,75
1657,gene_1658,iSF_1195.SF1013,48
1658,gene_1659,iSF_1195.SF1095,213
1659,gene_1660,iSF_1195.SF1128,98
1660,gene_1661,iSF_1195.SF1210,82
1661,gene_1662,iSF_1195.SF1238,140
1662,gene_1663,iSF_1195.SF1244,79
1663,gene_1664,iSF_1195.SF1272,90
1664,gene_1665,iSF_1195.SF1313,62
1665,gene_1666,iSF_1195.SF1411,91
1666,gene_1667,iSF_1195.SF1423,135
1667,gene_1668,iSF_1195.SF1518,407
1668,gene_1669,iSF_1195.SF1520,157
1669,gene_1670,iSF_1195.SF1572,384
1670,gene_1671,iSF_1195.SF1610,77
1671,gene_1672,iSF_1195.SF1841,66
1672,gene_1673,iSF_1195.SF1860,153
1673,gene_1674,iSF_1195.SF1867,77
1674,gene_1675,iSF_1195.SF2102,394
1675,gene_1676,iSF_1195.SF2219,87
1676,gene_1677,iSF_1195.SF2233,235
1677,gene_1678,iSF_1195.SF2234,489
1678,gene_1679,iSF_1195.SF2235,178
1679,gene_1680,iSF_1195.SF2333,107
1680,gene_1681,iSF_1195.SF2430,234
1681,gene_1682,iSF_1195.SF2466,510
1682,gene_1683,iSF_1195.SF2470,68
1683,gene_1684,iSF_1195.SF2471,401
1684,gene_1685,iSF_1195.SF2472,129
1685,gene_1686,iSF_1195.SF2543,345
1686,gene_1687,iSF_1195.SF2576,127
1689,gene_1690,iSF_1195.SF2644,93
1690,gene_1691,iSF_1195.SF2653,105
1691,gene_1692,iSF_1195.SF2674,139
1692,gene_1693,iSF_1195.SF2717,91
1693,gene_1694,iSF_1195.SF2733,158
1694,gene_1695,iSF_1195.SF2796,159
1695,gene_1696,iSF_1195.SF2813,403
1696,gene_1697,iSF_1195.SF2945,167
1697,gene_1698,iSF_1195.SF3080,65
1698,gene_1699,iSF_1195.SF3129,380
1699,gene_1700,iSF_1195.SF3131,483
1700,gene_1701,iSF_1195.SF3132,491
1702,gene_1703,iSF_1195.SF3261,168
1703,gene_1704,iSF_1195.SF3319,241
1704,gene_1705,iSF_1195.SF3321,216
1705,gene_1706,iSF_1195.SF3390,97
1706,gene_1707,iSF_1195.SF3414,145
1707,gene_1708,iSF_1195.SF3422,723
1708,gene_1709,iSF_1195.SF3428,47
1709,gene_1710,iSF_1195.SF3440,653
1710,gene_1711,iSF_1195.SF3455,630
1711,gene_1712,iSF_1195.SF3472,247
1712,gene_1713,iSF_1195.SF3473,249
1713,gene_1714,iSF_1195.SF3474,169
1715,gene_1716,iSF_1195.SF3651,521
1716,gene_1717,iSF_1195.SF3673,160
1717,gene_1718,iSF_1195.SF3679,129
1718,gene_1719,iSF_1195.SF3810,131
1719,gene_1720,iSF_1195.SF3812,554
1720,gene_1721,iSF_1195.SF3814,481
1721,gene_1722,iSF_1195.SF3854,102
1722,gene_1723,iSF_1195.SF3863,369
1723,gene_1724,iSF_1195.SF3904,63
1724,gene_1725,iSF_1195.SF3927,93
1725,gene_1726,iSF_1195.SF4064,72
1726,gene_1727,iSF_1195.SF4103,242
1727,gene_1728,iSF_1195.SF4235,401
1728,gene_1729,iSF_1195.SF4252,411
1729,gene_1730,iSF_1195.SF4253,128
1730,gene_1731,iSF_1195.SF4324,62
1731,gene_1732,iSF_1195.SF4332,288
1732,gene_1733,iSF_1195.SF4384,126
1733,gene_1734,iSF_1195.SF4405,131
1734,gene_1735,iSF_1195.SF4416,193
1735,gene_1736,iSF_1195.SF4427,62
1737,gene_1738,iSSON_1240.SSON_0111,95
1739,gene_1740,iSSON_1240.SSON_0186,199
1740,gene_1741,iSSON_1240.SSON_0213,284
1741,gene_1742,iSSON_1240.SSON_0285,332
1742,gene_1743,iSSON_1240.SSON_0356,255
1743,gene_1744,iSSON_1240.SSON_0362,187
1744,gene_1745,iSSON_1240.SSON_0397,414
1745,gene_1746,iSSON_1240.SSON_0461,209
1746,gene_1747,iSSON_1240.SSON_0604,261
1747,gene_1748,iSSON_1240.SSON_0634,595
1748,gene_1749,iSSON_1240.SSON_0709,126
1749,gene_1750,iSSON_1240.SSON_0762,149
1750,gene_1751,iSSON_1240.SSON_0804,72
1751,gene_1752,iSSON_1240.SSON_0809,204
1752,gene_1753,iSSON_1240.SSON_0813,122
1753,gene_1754,iSSON_1240.SSON_0840,126
1754,gene_1755,iSSON_1240.SSON_0848,111
1755,gene_1756,iSSON_1240.SSON_0894,224
1756,gene_1757,iSSON_1240.SSON_0896,77
1757,gene_1758,iSSON_1240.SSON_0904,891
1759,gene_1760,iSSON_1240.SSON_0916,272
1760,gene_1761,iSSON_1240.SSON_0936,75
1761,gene_1762,iSSON_1240.SSON_1035,328
1762,gene_1763,iSSON_1240.SSON_1111,210
1763,gene_1764,iSSON_1240.SSON_1144,99
1764,gene_1765,iSSON_1240.SSON_1283,80
1765,gene_1766,iSSON_1240.SSON_1298,151
1766,gene_1767,iSSON_1240.SSON_1343,91
1767,gene_1768,iSSON_1240.SSON_1356,142
1768,gene_1769,iSSON_1240.SSON_1445,402
1769,gene_1770,iSSON_1240.SSON_1447,157
1770,gene_1771,iSSON_1240.SSON_1519,292
1771,gene_1772,iSSON_1240.SSON_1607,383
1772,gene_1773,iSSON_1240.SSON_1804,65
1774,gene_1775,iSSON_1240.SSON_1873,89
1775,gene_1776,iSSON_1240.SSON_1937,82
1776,gene_1777,iSSON_1240.SSON_1941,139
1778,gene_1779,iSSON_1240.SSON_2191,95
1779,gene_1780,iSSON_1240.SSON_2204,236
1780,gene_1781,iSSON_1240.SSON_2205,490
1781,gene_1782,iSSON_1240.SSON_2206,178
1782,gene_1783,iSSON_1240.SSON_2315,108
1783,gene_1784,iSSON_1240.SSON_2454,242
1784,gene_1785,iSSON_1240.SSON_2500,514
1785,gene_1786,iSSON_1240.SSON_2504,68
1786,gene_1787,iSSON_1240.SSON_2505,400
1787,gene_1788,iSSON_1240.SSON_2506,132
1788,gene_1789,iSSON_1240.SSON_2511,93
1789,gene_1790,iSSON_1240.SSON_2581,346
1790,gene_1791,iSSON_1240.SSON_2611,127
1791,gene_1792,iSSON_1240.SSON_2612,206
1792,gene_1793,iSSON_1240.SSON_2634,472
1793,gene_1794,iSSON_1240.SSON_2708,93
1794,gene_1795,iSSON_1240.SSON_2720,105
1795,gene_1796,iSSON_1240.SSON_2771,139
1796,gene_1797,iSSON_1240.SSON_2834,97
1797,gene_1798,iSSON_1240.SSON_2854,158
1798,gene_1799,iSSON_1240.SSON_2938,142
1799,gene_1800,iSSON_1240.SSON_2956,408
1800,gene_1801,iSSON_1240.SSON_3108,167
1801,gene_1802,iSSON_1240.SSON_3177,65
1802,gene_1803,iSSON_1240.SSON_3242,377
1803,gene_1804,iSSON_1240.SSON_3244,481
1804,gene_1805,iSSON_1240.SSON_3245,491
1805,gene_1806,iSSON_1240.SSON_3349,123
1806,gene_1807,iSSON_1240.SSON_3366,167
1807,gene_1808,iSSON_1240.SSON_3428,246
1808,gene_1809,iSSON_1240.SSON_3430,216
1809,gene_1810,iSSON_1240.SSON_3503,96
1810,gene_1811,iSSON_1240.SSON_3527,145
1811,gene_1812,iSSON_1240.SSON_3534,732
1812,gene_1813,iSSON_1240.SSON_3540,44
1813,gene_1814,iSSON_1240.SSON_3549,654
1814,gene_1815,iSSON_1240.SSON_3672,630
1815,gene_1816,iSSON_1240.SSON_3692,250
1816,gene_1817,iSSON_1240.SSON_3693,250
1817,gene_1818,iSSON_1240.SSON_3694,166
1818,gene_1819,iSSON_1240.SSON_3707,37
1819,gene_1820,iSSON_1240.SSON_3766,126
1820,gene_1821,iSSON_1240.SSON_3773,159
1821,gene_1822,iSSON_1240.SSON_3782,102
1822,gene_1823,iSSON_1240.SSON_3793,521
1823,gene_1824,iSSON_1240.SSON_3885,483
1824,gene_1825,iSSON_1240.SSON_3887,554
1825,gene_1826,iSSON_1240.SSON_3889,132
1826,gene_1827,iSSON_1240.SSON_3952,102
1827,gene_1828,iSSON_1240.SSON_3961,367
1828,gene_1829,iSSON_1240.SSON_4000,63
1829,gene_1830,iSSON_1240.SSON_4028,94
1830,gene_1831,iSSON_1240.SSON_4095,620
1831,gene_1832,iSSON_1240.SSON_4165,70
1833,gene_1834,iSSON_1240.SSON_4362,280
1834,gene_1835,iSSON_1240.SSON_4418,128
1835,gene_1836,iSSON_1240.SSON_4419,417
1836,gene_1837,iSSON_1240.SSON_4436,405
1837,gene_1838,iSSON_1240.SSON_4451,204
1838,gene_1839,iSSON_1240.SSON_4499,124
1839,gene_1840,iSSON_1240.SSON_4524,130
1840,gene_1841,iSSON_1240.SSON_4535,193
1841,gene_1842,iSSON_1240.SSON_4545,72
1842,gene_1843,iSbBS512_1146.SbBS512_E0058,101
1843,gene_1844,iSbBS512_1146.SbBS512_E0096,94
1844,gene_1845,iSbBS512_1146.SbBS512_E0151,105
1845,gene_1846,iSbBS512_1146.SbBS512_E0167,200
1846,gene_1847,iSbBS512_1146.SbBS512_E0193,284
1847,gene_1848,iSbBS512_1146.SbBS512_E0240,330
1848,gene_1849,iSbBS512_1146.SbBS512_E0298,250
1849,gene_1850,iSbBS512_1146.SbBS512_E0303,194
1850,gene_1851,iSbBS512_1146.SbBS512_E0341,408
1851,gene_1852,iSbBS512_1146.SbBS512_E0406,208
1852,gene_1853,iSbBS512_1146.SbBS512_E0570,591
1853,gene_1854,iSbBS512_1146.SbBS512_E0599,261
1855,gene_1856,iSbBS512_1146.SbBS512_E0678,132
1856,gene_1857,iSbBS512_1146.SbBS512_E0687,66
1857,gene_1858,iSbBS512_1146.SbBS512_E0816,176
1858,gene_1859,iSbBS512_1146.SbBS512_E0823,239
1859,gene_1860,iSbBS512_1146.SbBS512_E0838,85
1860,gene_1861,iSbBS512_1146.SbBS512_E0954,80
1861,gene_1862,iSbBS512_1146.SbBS512_E1190,135
1862,gene_1863,iSbBS512_1146.SbBS512_E1194,390
1863,gene_1864,iSbBS512_1146.SbBS512_E1304,104
1864,gene_1865,iSbBS512_1146.SbBS512_E1371,82
1865,gene_1866,iSbBS512_1146.SbBS512_E1403,139
1866,gene_1867,iSbBS512_1146.SbBS512_E1412,77
1867,gene_1868,iSbBS512_1146.SbBS512_E1544,62
1868,gene_1869,iSbBS512_1146.SbBS512_E1569,66
1871,gene_1872,iSbBS512_1146.SbBS512_E2065,144
1872,gene_1873,iSbBS512_1146.SbBS512_E2083,91
1873,gene_1874,iSbBS512_1146.SbBS512_E2125,152
1874,gene_1875,iSbBS512_1146.SbBS512_E2233,210
1875,gene_1876,iSbBS512_1146.SbBS512_E2302,325
1876,gene_1877,iSbBS512_1146.SbBS512_E2410,285
1878,gene_1879,iSbBS512_1146.SbBS512_E2425,894
1879,gene_1880,iSbBS512_1146.SbBS512_E2435,227
1880,gene_1881,iSbBS512_1146.SbBS512_E2468,111
1881,gene_1882,iSbBS512_1146.SbBS512_E2476,126
1882,gene_1883,iSbBS512_1146.SbBS512_E2517,120
1883,gene_1884,iSbBS512_1146.SbBS512_E2521,202
1884,gene_1885,iSbBS512_1146.SbBS512_E2526,80
1885,gene_1886,iSbBS512_1146.SbBS512_E2569,155
1886,gene_1887,iSbBS512_1146.SbBS512_E2763,126
1887,gene_1888,iSbBS512_1146.SbBS512_E2764,400
1888,gene_1889,iSbBS512_1146.SbBS512_E2765,68
1890,gene_1891,iSbBS512_1146.SbBS512_E2873,346
1891,gene_1892,iSbBS512_1146.SbBS512_E2904,125
1892,gene_1893,iSbBS512_1146.SbBS512_E2905,201
1893,gene_1894,iSbBS512_1146.SbBS512_E2916,471
1894,gene_1895,iSbBS512_1146.SbBS512_E2954,93
1895,gene_1896,iSbBS512_1146.SbBS512_E2975,103
1896,gene_1897,iSbBS512_1146.SbBS512_E3004,137
1897,gene_1898,iSbBS512_1146.SbBS512_E3092,157
1898,gene_1899,iSbBS512_1146.SbBS512_E3167,155
1899,gene_1900,iSbBS512_1146.SbBS512_E3386,169
1900,gene_1901,iSbBS512_1146.SbBS512_E3472,68
1901,gene_1902,iSbBS512_1146.SbBS512_E3525,377
1902,gene_1903,iSbBS512_1146.SbBS512_E3527,483
1903,gene_1904,iSbBS512_1146.SbBS512_E3528,490
1904,gene_1905,iSbBS512_1146.SbBS512_E3551,167
1905,gene_1906,iSbBS512_1146.SbBS512_E3569,123
1906,gene_1907,iSbBS512_1146.SbBS512_E3672,251
1907,gene_1908,iSbBS512_1146.SbBS512_E3674,216
1908,gene_1909,iSbBS512_1146.SbBS512_E3773,117
1909,gene_1910,iSbBS512_1146.SbBS512_E3782,732
1910,gene_1911,iSbBS512_1146.SbBS512_E3790,47
1911,gene_1912,iSbBS512_1146.SbBS512_E3798,654
1912,gene_1913,iSbBS512_1146.SbBS512_E3853,37
1913,gene_1914,iSbBS512_1146.SbBS512_E3866,166
1914,gene_1915,iSbBS512_1146.SbBS512_E3867,251
1915,gene_1916,iSbBS512_1146.SbBS512_E3868,249
1916,gene_1917,iSbBS512_1146.SbBS512_E3892,625
1917,gene_1918,iSbBS512_1146.SbBS512_E4040,521
1918,gene_1919,iSbBS512_1146.SbBS512_E4050,98
1919,gene_1920,iSbBS512_1146.SbBS512_E4059,157
1920,gene_1921,iSbBS512_1146.SbBS512_E4065,126
1921,gene_1922,iSbBS512_1146.SbBS512_E4132,369
1922,gene_1923,iSbBS512_1146.SbBS512_E4140,102
1923,gene_1924,iSbBS512_1146.SbBS512_E4187,483
1924,gene_1925,iSbBS512_1146.SbBS512_E4189,554
1925,gene_1926,iSbBS512_1146.SbBS512_E4191,130
1926,gene_1927,iSbBS512_1146.SbBS512_E4293,70
1927,gene_1928,iSbBS512_1146.SbBS512_E4328,95
1929,gene_1930,iSbBS512_1146.SbBS512_E4700,68
1931,gene_1932,iSbBS512_1146.SbBS512_E4829,402
1932,gene_1933,iSbBS512_1146.SbBS512_E4846,412
1933,gene_1934,iSbBS512_1146.SbBS512_E4847,134
1934,gene_1935,iSbBS512_1146.SbBS512_E4890,125
1935,gene_1936,iSbBS512_1146.SbBS512_E4917,132
1936,gene_1937,iSbBS512_1146.SbBS512_E4931,193
1937,gene_1938,iSbBS512_1146.SbBS512_E4944,72
1938,gene_1939,iSynCJ816.SGL_RS02240,142
1939,gene_1940,iSynCJ816.SGL_RS02245,64
1940,gene_1941,iSynCJ816.SGL_RS02445,198
1942,gene_1943,iSynCJ816.SGL_RS02635,50
1943,gene_1944,iSynCJ816.SGL_RS02645,141
1944,gene_1945,iSynCJ816.SGL_RS02675,484
1945,gene_1946,iSynCJ816.SGL_RS02895,514
1946,gene_1947,iSynCJ816.SGL_RS02940,42
1947,gene_1948,iSynCJ816.SGL_RS02955,124
1948,gene_1949,iSynCJ816.SGL_RS03010,422
1949,gene_1950,iSynCJ816.SGL_RS04160,1550
1950,gene_1951,iSynCJ816.SGL_RS04180,227
1952,gene_1953,iSynCJ816.SGL_RS04625,108
1953,gene_1954,iSynCJ816.SGL_RS04690,502
1954,gene_1955,iSynCJ816.SGL_RS04915,43
1955,gene_1956,iSynCJ816.SGL_RS05125,41
1956,gene_1957,iSynCJ816.SGL_RS05520,428
1957,gene_1958,iSynCJ816.SGL_RS05665,429
1958,gene_1959,iSynCJ816.SGL_RS05700,287
1959,gene_1960,iSynCJ816.SGL_RS05885,265
1960,gene_1961,iSynCJ816.SGL_RS06105,226
1961,gene_1962,iSynCJ816.SGL_RS06585,98
1962,gene_1963,iSynCJ816.SGL_RS06895,630
1964,gene_1965,iSynCJ816.SGL_RS07100,688
1965,gene_1966,iSynCJ816.SGL_RS07245,102
1966,gene_1967,iSynCJ816.SGL_RS07575,244
1967,gene_1968,iSynCJ816.SGL_RS07645,200
1968,gene_1969,iSynCJ816.SGL_RS07670,151
1969,gene_1970,iSynCJ816.SGL_RS08250,143
1970,gene_1971,iSynCJ816.SGL_RS08905,85
1971,gene_1972,iSynCJ816.SGL_RS09225,89
1972,gene_1973,iSynCJ816.SGL_RS09310,57
1973,gene_1974,iSynCJ816.SGL_RS09325,219
1974,gene_1975,iSynCJ816.SGL_RS09375,373
1975,gene_1976,iSynCJ816.SGL_RS09640,96
1976,gene_1977,iSynCJ816.SGL_RS09705,572
1977,gene_1978,iSynCJ816.SGL_RS10140,251
1979,gene_1980,iSynCJ816.SGL_RS10925,556
1980,gene_1981,iSynCJ816.SGL_RS10930,801
1981,gene_1982,iSynCJ816.SGL_RS11275,417
1982,gene_1983,iSynCJ816.SGL_RS11925,617
1983,gene_1984,iSynCJ816.SGL_RS12175,254
1984,gene_1985,iSynCJ816.SGL_RS12820,672
1985,gene_1986,iSynCJ816.SGL_RS13005,199
1986,gene_1987,iSynCJ816.SGL_RS13365,62
1987,gene_1988,iSynCJ816.SGL_RS13525,110
1988,gene_1989,iSynCJ816.SGL_RS13580,374
1989,gene_1990,iSynCJ816.SGL_RS13805,434
1991,gene_1992,iSynCJ816.SGL_RS13900,72
1992,gene_1993,iSynCJ816.SGL_RS14120,234
1993,gene_1994,iSynCJ816.SGL_RS14665,169
1994,gene_1995,iSynCJ816.SGL_RS14865,207
1995,gene_1996,iSynCJ816.SGL_RS14930,202
1996,gene_1997,iSynCJ816.SGL_RS15225,169
1997,gene_1998,iSynCJ816.SGL_RS15350,61
1998,gene_1999,iSynCJ816.SGL_RS15395,177
1999,gene_2000,iSynCJ816.SGL_RS15455,390
2000,gene_2001,iSynCJ816.SGL_RS15640,233
2002,gene_2003,iSynCJ816.SGL_RS15845,395
2003,gene_2004,iSynCJ816.SGL_RS16015,196
2004,gene_2005,iSynCJ816.SGL_RS16080,52
2005,gene_2006,iSynCJ816.SGL_RS16100,599
2006,gene_2007,iSynCJ816.SGL_RS16185,100
2007,gene_2008,iSynCJ816.SGL_RS16430,252
2008,gene_2009,iSynCJ816.SGL_RS16580,99
2009,gene_2010,iSynCJ816.SGL_RS16610,53
2010,gene_2011,iSynCJ816.SGL_RS16700,208
2011,gene_2012,iSynCJ816.SGL_RS17160,102
2012,gene_2013,iSynCJ816.SGL_RS17200,202
2013,gene_2014,iSynCJ816.SGL_RS17215,389
2014,gene_2015,iSynCJ816.SGL_RS17225,188
2015,gene_2016,iSynCJ816.SGL_RS17290,344
2016,gene_2017,iSynCJ816.SGL_RS17635,368
2017,gene_2018,iSynCJ816.SGL_RS17655,58
2018,gene_2019,iSynCJ816.SGL_RS17805,253
2019,gene_2020,iSynCJ816.SGL_RS17890,228
2020,gene_2021,iSynCJ816.SGL_RS18145,68
2022,gene_2023,iYL1228.KPN_00030,378
2023,gene_2024,iYL1228.KPN_00031,475
2024,gene_2025,iYL1228.KPN_00073,202
2025,gene_2026,iYL1228.KPN_00083,118
2026,gene_2027,iYL1228.KPN_00106,100
2027,gene_2028,iYL1228.KPN_00174,105
2028,gene_2029,iYL1228.KPN_00213,294
2029,gene_2030,iYL1228.KPN_00243,60
2030,gene_2031,iYL1228.KPN_00280,335
2031,gene_2032,iYL1228.KPN_00323,254
2032,gene_2033,iYL1228.KPN_00329,197
2033,gene_2034,iYL1228.KPN_00372,412
2034,gene_2035,iYL1228.KPN_00456,204
2035,gene_2036,iYL1228.KPN_00700,123
2036,gene_2037,iYL1228.KPN_00701,589
2037,gene_2038,iYL1228.KPN_00771,123
2038,gene_2039,iYL1228.KPN_00838,96
2040,gene_2041,iYL1228.KPN_00864,124
2041,gene_2042,iYL1228.KPN_00886,124
2042,gene_2043,iYL1228.KPN_00893,111
2043,gene_2044,iYL1228.KPN_00896,114
2044,gene_2045,iYL1228.KPN_00918,189
2045,gene_2046,iYL1228.KPN_00925,231
2046,gene_2047,iYL1228.KPN_00931,886
2047,gene_2048,iYL1228.KPN_00937,178
2048,gene_2049,iYL1228.KPN_00941,285
2049,gene_2050,iYL1228.KPN_00969,79
2050,gene_2051,iYL1228.KPN_01042,321
2051,gene_2052,iYL1228.KPN_01089,214
2052,gene_2053,iYL1228.KPN_01132,99
2053,gene_2054,iYL1228.KPN_01266,98
2054,gene_2055,iYL1228.KPN_01310,68
2055,gene_2056,iYL1228.KPN_01610,113
2056,gene_2057,iYL1228.KPN_01640,382
2057,gene_2058,iYL1228.KPN_01875,140
2058,gene_2059,iYL1228.KPN_02169,153
2059,gene_2060,iYL1228.KPN_02175,408
2060,gene_2061,iYL1228.KPN_02197,72
2061,gene_2062,iYL1228.KPN_02238,84
2062,gene_2063,iYL1228.KPN_02322,144
2063,gene_2064,iYL1228.KPN_02333,90
2064,gene_2065,iYL1228.KPN_02365,153
2065,gene_2066,iYL1228.KPN_02373,81
2066,gene_2067,iYL1228.KPN_02463,221
2067,gene_2068,iYL1228.KPN_02490,387
2068,gene_2069,iYL1228.KPN_02496,387
2070,gene_2071,iYL1228.KPN_02586,239
2071,gene_2072,iYL1228.KPN_02587,476
2072,gene_2073,iYL1228.KPN_02588,181
2073,gene_2074,iYL1228.KPN_02758,518
2074,gene_2075,iYL1228.KPN_02762,67
2075,gene_2076,iYL1228.KPN_02763,398
2076,gene_2077,iYL1228.KPN_02764,136
2077,gene_2078,iYL1228.KPN_02770,94
2078,gene_2079,iYL1228.KPN_02823,117
2079,gene_2080,iYL1228.KPN_02824,341
2080,gene_2081,iYL1228.KPN_02862,204
2081,gene_2082,iYL1228.KPN_02876,459
2082,gene_2083,iYL1228.KPN_02905,82
2084,gene_2085,iYL1228.KPN_03045,162
2085,gene_2086,iYL1228.KPN_03123,468
2086,gene_2087,iYL1228.KPN_03125,148
2087,gene_2088,iYL1228.KPN_03150,394
2088,gene_2089,iYL1228.KPN_03182,223
2089,gene_2090,iYL1228.KPN_03183,71
2090,gene_2091,iYL1228.KPN_03184,461
2092,gene_2093,iYL1228.KPN_03191,109
2093,gene_2094,iYL1228.KPN_03192,223
2094,gene_2095,iYL1228.KPN_03193,134
2095,gene_2096,iYL1228.KPN_03194,241
2096,gene_2097,iYL1228.KPN_03197,207
2097,gene_2098,iYL1228.KPN_03388,170
2098,gene_2099,iYL1228.KPN_03517,380
2099,gene_2100,iYL1228.KPN_03519,484
2100,gene_2101,iYL1228.KPN_03520,487
2102,gene_2103,iYL1228.KPN_03688,246
2103,gene_2104,iYL1228.KPN_03690,214
2104,gene_2105,iYL1228.KPN_03767,139
2105,gene_2106,iYL1228.KPN_03773,725
2106,gene_2107,iYL1228.KPN_03779,46
2107,gene_2108,iYL1228.KPN_03787,659
2108,gene_2109,iYL1228.KPN_03794,633
2109,gene_2110,iYL1228.KPN_03798,627
2110,gene_2111,iYL1228.KPN_03816,253
2111,gene_2112,iYL1228.KPN_03817,248
2112,gene_2113,iYL1228.KPN_03818,175
2114,gene_2115,iYL1228.KPN_03980,123
2115,gene_2116,iYL1228.KPN_03996,130
2118,gene_2119,iYL1228.KPN_04137,556
2119,gene_2120,iYL1228.KPN_04139,485
2120,gene_2121,iYL1228.KPN_04154,301
2121,gene_2122,iYL1228.KPN_04156,47
2122,gene_2123,iYL1228.KPN_04203,348
2123,gene_2124,iYL1228.KPN_04282,95
2124,gene_2125,iYL1228.KPN_04289,365
2125,gene_2126,iYL1228.KPN_04374,74
2126,gene_2127,iYL1228.KPN_04506,250
2127,gene_2128,iYL1228.KPN_04567,72
2128,gene_2129,iYL1228.KPN_04576,287
2129,gene_2130,iYL1228.KPN_04645,122
2130,gene_2131,iYL1228.KPN_04646,408
2131,gene_2132,iYL1228.KPN_04659,397
2132,gene_2133,iYL1228.KPN_04788,126
2133,gene_2134,iYL1228.KPN_04830,130
2134,gene_2135,iYL1228.KPN_04850,75
2135,gene_2136,iYO844.BSU00180,150
2137,gene_2138,iYO844.BSU00460,154
2138,gene_2139,iYO844.BSU00500,140
2139,gene_2140,iYO844.BSU00680,209
2140,gene_2141,iYO844.BSU00910,190
2141,gene_2142,iYO844.BSU00920,165
2143,gene_2144,iYO844.BSU01370,213
2144,gene_2145,iYO844.BSU01770,387
2145,gene_2146,iYO844.BSU02360,249
2146,gene_2147,iYO844.BSU02390,385
2147,gene_2148,iYO844.BSU02420,296
2148,gene_2149,iYO844.BSU02750,136
2149,gene_2150,iYO844.BSU03220,330
2150,gene_2151,iYO844.BSU03590,254
2151,gene_2152,iYO844.BSU03600,176
2152,gene_2153,iYO844.BSU03610,184
2153,gene_2154,iYO844.BSU03860,47
2154,gene_2155,iYO844.BSU04570,264
2155,gene_2156,iYO844.BSU06160,240
2156,gene_2157,iYO844.BSU06170,204
2157,gene_2158,iYO844.BSU06420,131
2158,gene_2159,iYO844.BSU06490,429
2159,gene_2160,iYO844.BSU06500,337
2160,gene_2161,iYO844.BSU06660,324
2162,gene_2163,iYO844.BSU06980,243
2163,gene_2164,iYO844.BSU06990,188
2165,gene_2166,iYO844.BSU07700,341
2167,gene_2168,iYO844.BSU09290,624
2168,gene_2169,iYO844.BSU09310,422
2169,gene_2170,iYO844.BSU09840,286
2170,gene_2171,iYO844.BSU10020,308
2171,gene_2172,iYO844.BSU10270,136
2175,gene_2176,iYO844.BSU11340,442
2176,gene_2177,iYO844.BSU12300,484
2177,gene_2178,iYO844.BSU12340,402
2178,gene_2179,iYO844.BSU12390,483
2179,gene_2180,iYO844.BSU12930,139
2180,gene_2181,iYO844.BSU12940,160
2181,gene_2182,iYO844.BSU12950,306
2182,gene_2183,iYO844.BSU12960,74
2183,gene_2184,iYO844.BSU13120,210
2184,gene_2185,iYO844.BSU13300,219
2185,gene_2186,iYO844.BSU13900,64
2186,gene_2187,iYO844.BSU13910,411
2187,gene_2188,iYO844.BSU14520,414
2188,gene_2189,iYO844.BSU14630,400
2189,gene_2190,iYO844.BSU15020,171
2190,gene_2191,iYO844.BSU15180,287
2191,gene_2192,iYO844.BSU15190,90
2192,gene_2193,iYO844.BSU15220,236
2193,gene_2194,iYO844.BSU15500,247
2194,gene_2195,iYO844.BSU15510,328
2195,gene_2196,iYO844.BSU15520,1077
2196,gene_2197,iYO844.BSU15720,135
2197,gene_2198,iYO844.BSU15730,266
2198,gene_2199,iYO844.BSU15850,159
2199,gene_2200,iYO844.BSU15860,203
2201,gene_2202,iYO844.BSU15910,259
2202,gene_2203,iYO844.BSU16530,213
2203,gene_2204,iYO844.BSU16540,113
2204,gene_2205,iYO844.BSU16730,114
2205,gene_2206,iYO844.BSU16740,172
2206,gene_2207,iYO844.BSU16920,127
2207,gene_2208,iYO844.BSU17460,374
2208,gene_2209,iYO844.BSU18120,270
2209,gene_2210,iYO844.BSU18440,478
2210,gene_2211,iYO844.BSU18450,1478
2211,gene_2212,iYO844.BSU18470,214
2212,gene_2213,iYO844.BSU19630,186
2213,gene_2214,iYO844.BSU22440,143
2214,gene_2215,iYO844.BSU22480,155
2215,gene_2216,iYO844.BSU22830,287
2216,gene_2217,iYO844.BSU22890,171
2217,gene_2218,iYO844.BSU23080,215
2218,gene_2219,iYO844.BSU23500,363
2219,gene_2220,iYO844.BSU23580,256
2220,gene_2221,iYO844.BSU23610,120
2221,gene_2222,iYO844.BSU23920,132
2223,gene_2224,iYO844.BSU23980,114
2224,gene_2225,iYO844.BSU24150,413
2225,gene_2226,iYO844.BSU24160,240
2226,gene_2227,iYO844.BSU24270,426
2227,gene_2228,iYO844.BSU24850,222
2228,gene_2229,iYO844.BSU24950,326
2229,gene_2230,iYO844.BSU25070,347
2230,gene_2231,iYO844.BSU25300,119
2231,gene_2232,iYO844.BSU26590,44
2232,gene_2233,iYO844.BSU26700,123
2234,gene_2235,iYO844.BSU26970,194
2235,gene_2236,iYO844.BSU27060,87
2236,gene_2237,iYO844.BSU27270,101
2237,gene_2238,iYO844.BSU27330,224
2239,gene_2240,iYO844.BSU27600,604
2240,gene_2241,iYO844.BSU27910,85
2241,gene_2242,iYO844.BSU28080,254
2242,gene_2243,iYO844.BSU28470,363
2243,gene_2244,iYO844.BSU28560,263
2244,gene_2245,iYO844.BSU28730,152
2245,gene_2246,iYO844.BSU29180,533
2246,gene_2247,iYO844.BSU29190,333
2247,gene_2248,iYO844.BSU29200,305
2248,gene_2249,iYO844.BSU29210,258
2249,gene_2250,iYO844.BSU29220,441
2250,gene_2251,iYO844.BSU29340,259
2251,gene_2252,iYO844.BSU29440,444
2252,gene_2253,iYO844.BSU29600,284
2253,gene_2254,iYO844.BSU29620,59
2254,gene_2255,iYO844.BSU30280,135
2255,gene_2256,iYO844.BSU30290,113
2256,gene_2257,iYO844.BSU30410,40
2257,gene_2258,iYO844.BSU30420,170
2258,gene_2259,iYO844.BSU30450,127
2259,gene_2260,iYO844.BSU30550,526
2260,gene_2261,iYO844.BSU30760,79
2261,gene_2262,iYO844.BSU30780,134
2262,gene_2263,iYO844.BSU30940,624
2263,gene_2264,iYO844.BSU30950,390
2264,gene_2265,iYO844.BSU30960,196
2265,gene_2266,iYO844.BSU30970,412
2266,gene_2267,iYO844.BSU30980,654
2267,gene_2268,iYO844.BSU31350,519
2268,gene_2269,iYO844.BSU31400,410
2269,gene_2270,iYO844.BSU32000,110
2270,gene_2271,iYO844.BSU32260,241
2271,gene_2272,iYO844.BSU32510,55
2272,gene_2273,iYO844.BSU32750,283
2273,gene_2274,iYO844.BSU33490,635
2274,gene_2275,iYO844.BSU33730,123
2275,gene_2276,iYO844.BSU33830,109
2276,gene_2277,iYO844.BSU33900,513
2277,gene_2278,iYO844.BSU33910,508
2278,gene_2279,iYO844.BSU34590,97
2279,gene_2280,iYO844.BSU34790,223
2280,gene_2281,iYO844.BSU34860,189
2281,gene_2282,iYO844.BSU34870,243
2282,gene_2283,iYO844.BSU34880,202
2283,gene_2284,iYO844.BSU34900,177
2284,gene_2285,iYO844.BSU34910,425
2285,gene_2286,iYO844.BSU34920,188
2286,gene_2287,iYO844.BSU35010,218
2287,gene_2288,iYO844.BSU35550,75
2288,gene_2289,iYO844.BSU35670,256
2289,gene_2290,iYO844.BSU35680,115
2290,gene_2291,iYO844.BSU35700,198
2291,gene_2292,iYO844.BSU35710,81
2292,gene_2293,iYO844.BSU35940,333
2293,gene_2294,iYO844.BSU36130,66
2294,gene_2295,iYO844.BSU36370,160
2295,gene_2296,iYO844.BSU36710,85
2296,gene_2297,iYO844.BSU36760,266
2297,gene_2298,iYO844.BSU36800,70
2298,gene_2299,iYO844.BSU36810,634
2299,gene_2300,iYO844.BSU36820,168
2300,gene_2301,iYO844.BSU36830,625
2301,gene_2302,iYO844.BSU36890,288
2302,gene_2303,iYO844.BSU36900,459
2303,gene_2304,iYO844.BSU36920,156
2304,gene_2305,iYO844.BSU37150,637
2305,gene_2306,iYO844.BSU37170,412
2306,gene_2307,iYO844.BSU37490,239
2307,gene_2308,iYO844.BSU37660,308
2308,gene_2309,iYO844.BSU38110,70
2309,gene_2310,iYO844.BSU38190,469
2310,gene_2311,iYO844.BSU38300,169
2311,gene_2312,iYO844.BSU38550,402
2312,gene_2313,iYO844.BSU38860,444
2313,gene_2314,iYO844.BSU39270,118
2314,gene_2315,iYO844.BSU39400,395
2315,gene_2316,iYO844.BSU40420,308
2317,gene_2318,iYS854.USA300HOU_RS00045,226
2318,gene_2319,iYS854.USA300HOU_RS00085,302
2319,gene_2320,iYS854.USA300HOU_RS00125,164
2320,gene_2321,iYS854.USA300HOU_RS00150,80
2321,gene_2322,iYS854.USA300HOU_RS00720,189
2322,gene_2323,iYS854.USA300HOU_RS00735,361
2323,gene_2324,iYS854.USA300HOU_RS01090,393
2324,gene_2325,iYS854.USA300HOU_RS01105,89
2325,gene_2326,iYS854.USA300HOU_RS01150,956
2326,gene_2327,iYS854.USA300HOU_RS01165,124
2327,gene_2328,iYS854.USA300HOU_RS01340,90
2328,gene_2329,iYS854.USA300HOU_RS01380,186
2329,gene_2330,iYS854.USA300HOU_RS01685,91
2330,gene_2331,iYS854.USA300HOU_RS01730,108
2331,gene_2332,iYS854.USA300HOU_RS01895,215
2332,gene_2333,iYS854.USA300HOU_RS02325,166
2333,gene_2334,iYS854.USA300HOU_RS02330,180
2334,gene_2335,iYS854.USA300HOU_RS02555,133
2335,gene_2336,iYS854.USA300HOU_RS02560,89
2336,gene_2337,iYS854.USA300HOU_RS02615,204
2337,gene_2338,iYS854.USA300HOU_RS02655,546
2338,gene_2339,iYS854.USA300HOU_RS03075,286
2339,gene_2340,iYS854.USA300HOU_RS03230,391
2340,gene_2341,iYS854.USA300HOU_RS03500,265
2341,gene_2342,iYS854.USA300HOU_RS03790,249
2342,gene_2343,iYS854.USA300HOU_RS04050,115
2343,gene_2344,iYS854.USA300HOU_RS04115,239
2344,gene_2345,iYS854.USA300HOU_RS04135,121
2345,gene_2346,iYS854.USA300HOU_RS04185,416
2346,gene_2347,iYS854.USA300HOU_RS04205,488
2347,gene_2348,iYS854.USA300HOU_RS04405,281
2348,gene_2349,iYS854.USA300HOU_RS04765,426
2349,gene_2350,iYS854.USA300HOU_RS04775,492
2350,gene_2351,iYS854.USA300HOU_RS04880,401
2351,gene_2352,iYS854.USA300HOU_RS04890,270
2352,gene_2353,iYS854.USA300HOU_RS04895,160
2353,gene_2354,iYS854.USA300HOU_RS04900,350
2354,gene_2355,iYS854.USA300HOU_RS04905,296
2355,gene_2356,iYS854.USA300HOU_RS05000,208
2356,gene_2357,iYS854.USA300HOU_RS05255,78
2357,gene_2358,iYS854.USA300HOU_RS05335,328
2358,gene_2359,iYS854.USA300HOU_RS05395,65
2359,gene_2360,iYS854.USA300HOU_RS05400,388
2360,gene_2361,iYS854.USA300HOU_RS05420,162
2361,gene_2362,iYS854.USA300HOU_RS05690,342
2362,gene_2363,iYS854.USA300HOU_RS05725,94
2363,gene_2364,iYS854.USA300HOU_RS05995,848
2364,gene_2365,iYS854.USA300HOU_RS06015,89
2365,gene_2366,iYS854.USA300HOU_RS06045,1100
2366,gene_2367,iYS854.USA300HOU_RS06125,136
2367,gene_2368,iYS854.USA300HOU_RS06130,202
2368,gene_2369,iYS854.USA300HOU_RS06135,176
2369,gene_2370,iYS854.USA300HOU_RS06160,379
2370,gene_2371,iYS854.USA300HOU_RS06185,241
2371,gene_2372,iYS854.USA300HOU_RS06195,73
2372,gene_2373,iYS854.USA300HOU_RS06405,160
2373,gene_2374,iYS854.USA300HOU_RS06465,128
2374,gene_2375,iYS854.USA300HOU_RS06545,608
2375,gene_2376,iYS854.USA300HOU_RS06590,353
2376,gene_2377,iYS854.USA300HOU_RS06690,409
2377,gene_2378,iYS854.USA300HOU_RS06885,96
2378,gene_2379,iYS854.USA300HOU_RS06905,266
2379,gene_2380,iYS854.USA300HOU_RS07055,344
2380,gene_2381,iYS854.USA300HOU_RS07285,107
2381,gene_2382,iYS854.USA300HOU_RS07450,92
2382,gene_2383,iYS854.USA300HOU_RS07595,214
2383,gene_2384,iYS854.USA300HOU_RS07985,151
2384,gene_2385,iYS854.USA300HOU_RS08015,119
2385,gene_2386,iYS854.USA300HOU_RS08130,194
2386,gene_2387,iYS854.USA300HOU_RS08305,136
2387,gene_2388,iYS854.USA300HOU_RS08350,543
2388,gene_2389,iYS854.USA300HOU_RS08580,220
2389,gene_2390,iYS854.USA300HOU_RS08635,207
2390,gene_2391,iYS854.USA300HOU_RS08695,565
2391,gene_2392,iYS854.USA300HOU_RS08720,375
2392,gene_2393,iYS854.USA300HOU_RS08725,374
2393,gene_2394,iYS854.USA300HOU_RS08915,583
2394,gene_2395,iYS854.USA300HOU_RS09020,259
2395,gene_2396,iYS854.USA300HOU_RS09100,206
2396,gene_2397,iYS854.USA300HOU_RS09130,92
2397,gene_2398,iYS854.USA300HOU_RS09175,296
2398,gene_2399,iYS854.USA300HOU_RS09310,167
2399,gene_2400,iYS854.USA300HOU_RS09335,811
2400,gene_2401,iYS854.USA300HOU_RS09495,492
2401,gene_2402,iYS854.USA300HOU_RS09925,271
2402,gene_2403,iYS854.USA300HOU_RS09930,147
2404,gene_2405,iYS854.USA300HOU_RS10330,312
2405,gene_2406,iYS854.USA300HOU_RS10340,542
2406,gene_2407,iYS854.USA300HOU_RS10985,63
2407,gene_2408,iYS854.USA300HOU_RS11240,251
2408,gene_2409,iYS854.USA300HOU_RS11245,257
2409,gene_2410,iYS854.USA300HOU_RS11335,159
2410,gene_2411,iYS854.USA300HOU_RS11340,241
2411,gene_2412,iYS854.USA300HOU_RS11360,569
2412,gene_2413,iYS854.USA300HOU_RS11365,161
2413,gene_2414,iYS854.USA300HOU_RS11370,617
2414,gene_2415,iYS854.USA300HOU_RS11405,284
2415,gene_2416,iYS854.USA300HOU_RS11480,644
2416,gene_2417,iYS854.USA300HOU_RS11530,389
2417,gene_2418,iYS854.USA300HOU_RS11545,206
2418,gene_2419,iYS854.USA300HOU_RS11655,350
2419,gene_2420,iYS854.USA300HOU_RS12020,169
2420,gene_2421,iYS854.USA300HOU_RS12070,213
2422,gene_2423,iYS854.USA300HOU_RS12310,212
2423,gene_2424,iYS854.USA300HOU_RS12315,162
2424,gene_2425,iYS854.USA300HOU_RS12505,122
2425,gene_2426,iYS854.USA300HOU_RS12895,155
2426,gene_2427,iYS854.USA300HOU_RS13045,164
2427,gene_2428,iYS854.USA300HOU_RS13270,102
2428,gene_2429,iYS854.USA300HOU_RS13545,265
2429,gene_2430,iYS854.USA300HOU_RS13590,165
2430,gene_2431,iYS854.USA300HOU_RS14195,120
2431,gene_2432,iYS854.USA300HOU_RS14480,65
2432,gene_2433,iYS854.USA300HOU_RS14565,216
2433,gene_2434,iYS854.USA300HOU_RS14570,565
