,query_gene,BiGG_gene,score
0,gene_0,STM_v1_0.STM0039,240
1,gene_1,STM_v1_0.STM0067,1159
2,gene_2,STM_v1_0.STM0088,52
3,gene_3,STM_v1_0.STM0192,148
4,gene_4,STM_v1_0.STM0203,155
5,gene_5,STM_v1_0.STM0242,482
6,gene_6,STM_v1_0.STM0247,233
9,gene_9,STM_v1_0.STM0321,273
10,gene_10,STM_v1_0.STM0380,219
12,gene_12,STM_v1_0.STM0457,71
13,gene_13,STM_v1_0.STM0483,157
14,gene_14,STM_v1_0.STM0525,256
15,gene_15,STM_v1_0.STM0537,401
16,gene_16,STM_v1_0.STM0590,161
17,gene_17,STM_v1_0.STM0659,280
18,gene_18,STM_v1_0.STM0661,152
20,gene_20,STM_v1_0.STM0772,294
21,gene_21,STM_v1_0.STM0776,382
22,gene_22,STM_v1_0.STM0828,253
23,gene_23,STM_v1_0.STM0830,95
24,gene_24,STM_v1_0.STM0843,802
25,gene_25,STM_v1_0.STM0844,174
26,gene_26,STM_v1_0.STM0848,208
27,gene_27,STM_v1_0.STM0849,129
28,gene_28,STM_v1_0.STM0850,247
29,gene_29,STM_v1_0.STM0887,106
30,gene_30,STM_v1_0.STM0890,109
31,gene_31,STM_v1_0.STM0963,417
32,gene_32,STM_v1_0.STM0970,177
33,gene_33,STM_v1_0.STM0973,877
34,gene_34,STM_v1_0.STM0974,155
35,gene_35,STM_v1_0.STM0984,287
37,gene_37,STM_v1_0.STM1193,223
39,gene_39,STM_v1_0.STM1195,219
40,gene_40,STM_v1_0.STM1221,96
42,gene_42,STM_v1_0.STM1299,478
43,gene_43,STM_v1_0.STM1314,57
44,gene_44,STM_v1_0.STM1340,140
46,gene_46,STM_v1_0.STM1469,536
47,gene_47,STM_v1_0.STM1502,47
48,gene_48,STM_v1_0.STM1522,244
49,gene_49,STM_v1_0.STM1647,274
50,gene_50,STM_v1_0.STM1707,152
51,gene_51,STM_v1_0.STM1712,746
52,gene_52,STM_v1_0.STM1742,305
53,gene_53,STM_v1_0.STM1743,305
54,gene_54,STM_v1_0.STM1818,85
55,gene_55,STM_v1_0.STM1830,96
56,gene_56,STM_v1_0.STM1832,153
57,gene_57,STM_v1_0.STM1884,160
58,gene_58,STM_v1_0.STM1933,206
59,gene_59,STM_v1_0.STM1954,104
60,gene_60,STM_v1_0.STM1963,395
61,gene_61,STM_v1_0.STM2082,134
62,gene_62,STM_v1_0.STM2095,373
64,gene_64,STM_v1_0.STM2155,117
65,gene_65,STM_v1_0.STM2206,63
66,gene_66,STM_v1_0.STM2254,96
67,gene_67,STM_v1_0.STM2332,160
68,gene_68,STM_v1_0.STM2415,155
69,gene_69,STM_v1_0.STM2427,503
70,gene_70,STM_v1_0.STM2433,119
71,gene_71,STM_v1_0.STM2555,441
73,gene_73,STM_v1_0.STM2683,119
74,gene_74,STM_v1_0.STM2774,194
75,gene_75,STM_v1_0.STM2820,75
76,gene_76,STM_v1_0.STM2827,674
78,gene_78,STM_v1_0.STM2959,251
79,gene_79,STM_v1_0.STM2973,375
80,gene_80,STM_v1_0.STM3002,198
81,gene_81,STM_v1_0.STM3040,447
82,gene_82,STM_v1_0.STM3051,359
83,gene_83,STM_v1_0.STM3103,155
84,gene_84,STM_v1_0.STM3165,224
85,gene_85,STM_v1_0.STM3190,72
86,gene_86,STM_v1_0.STM3241,845
87,gene_87,STM_v1_0.STM3247,251
88,gene_88,STM_v1_0.STM3256,66
89,gene_89,STM_v1_0.STM3259,52
90,gene_90,STM_v1_0.STM3315,104
91,gene_91,STM_v1_0.STM3380,436
92,gene_92,STM_v1_0.STM3407,172
93,gene_93,STM_v1_0.STM3482,69
94,gene_94,STM_v1_0.STM3486,200
95,gene_95,STM_v1_0.STM3487,88
96,gene_96,STM_v1_0.STM3493,121
97,gene_97,STM_v1_0.STM3514,505
98,gene_98,STM_v1_0.STM3529,200
99,gene_99,STM_v1_0.STM3534,520
100,gene_100,STM_v1_0.STM3538,527
101,gene_101,STM_v1_0.STM3560,238
102,gene_102,STM_v1_0.STM3562,164
103,gene_103,STM_v1_0.STM3626,214
104,gene_104,STM_v1_0.STM3627,224
105,gene_105,STM_v1_0.STM3629,178
106,gene_106,STM_v1_0.STM3630,84
107,gene_107,STM_v1_0.STM3655,412
108,gene_108,STM_v1_0.STM3656,397
109,gene_109,STM_v1_0.STM3685,546
110,gene_110,STM_v1_0.STM3699,142
111,gene_111,STM_v1_0.STM3702,40
112,gene_112,STM_v1_0.STM3725,127
113,gene_113,STM_v1_0.STM3733,191
114,gene_114,STM_v1_0.STM3854,279
115,gene_115,STM_v1_0.STM3864,63
116,gene_116,STM_v1_0.STM3865,56
117,gene_117,STM_v1_0.STM3880,275
118,gene_118,STM_v1_0.STM3882,95
119,gene_119,STM_v1_0.STM3884,45
120,gene_120,STM_v1_0.STM3885,176
121,gene_121,STM_v1_0.STM3915,100
122,gene_122,STM_v1_0.STM3925,490
123,gene_123,STM_v1_0.STM3972,159
124,gene_124,STM_v1_0.STM4086,548
126,gene_126,STM_v1_0.STM4109,140
127,gene_127,STM_v1_0.STM4114,808
128,gene_128,STM_v1_0.STM4115,215
129,gene_129,STM_v1_0.STM4166,117
130,gene_130,STM_v1_0.STM4175,371
131,gene_131,STM_v1_0.STM4176,471
132,gene_132,STM_v1_0.STM4230,73
133,gene_133,STM_v1_0.STM4451,114
134,gene_134,STM_v1_0.STM4452,404
135,gene_135,STM_v1_0.STM4453,489
136,gene_136,STM_v1_0.STM4465,375
137,gene_137,STM_v1_0.STM4469,361
138,gene_138,STM_v1_0.STM4483,220
139,gene_139,STM_v1_0.STM4578,40
140,gene_140,STM_v1_0.STM4582,79
142,gene_143,iAF692.Mbar_A0057,113
143,gene_144,iAF692.Mbar_A0086,195
144,gene_145,iAF692.Mbar_A0171,39
145,gene_146,iAF692.Mbar_A0210,74
146,gene_147,iAF692.Mbar_A0218,611
147,gene_148,iAF692.Mbar_A0219,174
148,gene_149,iAF692.Mbar_A0220,357
149,gene_150,iAF692.Mbar_A0227,471
150,gene_151,iAF692.Mbar_A0232,82
151,gene_152,iAF692.Mbar_A0343,358
152,gene_153,iAF692.Mbar_A0352,58
153,gene_154,iAF692.Mbar_A0408,99
154,gene_155,iAF692.Mbar_A0473,93
156,gene_157,iAF692.Mbar_A0500,572
157,gene_158,iAF692.Mbar_A0511,78
158,gene_159,iAF692.Mbar_A0541,415
159,gene_160,iAF692.Mbar_A0543,124
160,gene_161,iAF692.Mbar_A0589,45
161,gene_162,iAF692.Mbar_A0666,377
162,gene_163,iAF692.Mbar_A0714,734
163,gene_164,iAF692.Mbar_A0742,78
164,gene_165,iAF692.Mbar_A0871,267
165,gene_166,iAF692.Mbar_A0883,363
167,gene_168,iAF692.Mbar_A1121,183
168,gene_169,iAF692.Mbar_A1138,52
169,gene_170,iAF692.Mbar_A1195,360
170,gene_171,iAF692.Mbar_A1238,78
171,gene_172,iAF692.Mbar_A1305,86
172,gene_173,iAF692.Mbar_A1332,112
173,gene_174,iAF692.Mbar_A1338,186
174,gene_175,iAF692.Mbar_A1396,884
175,gene_176,iAF692.Mbar_A1417,146
176,gene_177,iAF692.Mbar_A1641,455
177,gene_178,iAF692.Mbar_A1781,286
178,gene_179,iAF692.Mbar_A1820,334
179,gene_180,iAF692.Mbar_A1868,77
180,gene_181,iAF692.Mbar_A1869,84
181,gene_182,iAF692.Mbar_A1870,87
182,gene_183,iAF692.Mbar_A1871,142
183,gene_184,iAF692.Mbar_A1872,99
184,gene_185,iAF692.Mbar_A2022,456
186,gene_187,iAF692.Mbar_A2069,561
187,gene_188,iAF692.Mbar_A2125,86
188,gene_189,iAF692.Mbar_A2261,279
189,gene_190,iAF692.Mbar_A2262,196
190,gene_191,iAF692.Mbar_A2344,470
191,gene_192,iAF692.Mbar_A2376,120
192,gene_193,iAF692.Mbar_A2394,179
193,gene_194,iAF692.Mbar_A2422,325
194,gene_195,iAF692.Mbar_A2616,62
196,gene_197,iAF692.Mbar_A2656,325
197,gene_198,iAF692.Mbar_A2905,179
198,gene_199,iAF692.Mbar_A2943,45
199,gene_200,iAF692.Mbar_A2983,74
200,gene_201,iAF692.Mbar_A2986,484
201,gene_202,iAF692.Mbar_A2987,116
202,gene_203,iAF692.Mbar_A2988,545
204,gene_205,iAF692.Mbar_A3182,74
205,gene_206,iAF692.Mbar_A3252,183
206,gene_207,iAF692.Mbar_A3353,312
207,gene_208,iAF692.Mbar_A3491,271
208,gene_209,iAF692.Mbar_A3503,418
210,gene_211,iAF987.Gmet_0024,290
211,gene_212,iAF987.Gmet_0043,89
212,gene_213,iAF987.Gmet_0048,124
213,gene_214,iAF987.Gmet_0057,387
214,gene_215,iAF987.Gmet_0059,194
215,gene_216,iAF987.Gmet_0060,137
216,gene_217,iAF987.Gmet_0067,220
217,gene_218,iAF987.Gmet_0069,77
218,gene_219,iAF987.Gmet_0073,379
219,gene_220,iAF987.Gmet_0075,392
221,gene_222,iAF987.Gmet_0103,351
222,gene_223,iAF987.Gmet_0104,467
223,gene_224,iAF987.Gmet_0119,43
224,gene_225,iAF987.Gmet_0133,361
225,gene_226,iAF987.Gmet_0135,236
226,gene_227,iAF987.Gmet_0201,702
227,gene_228,iAF987.Gmet_0204,290
228,gene_229,iAF987.Gmet_0209,443
229,gene_230,iAF987.Gmet_0211,257
231,gene_232,iAF987.Gmet_0304,414
232,gene_233,iAF987.Gmet_0346,318
233,gene_234,iAF987.Gmet_0351,748
234,gene_235,iAF987.Gmet_0382,385
235,gene_236,iAF987.Gmet_0383,153
236,gene_237,iAF987.Gmet_0384,347
237,gene_238,iAF987.Gmet_0386,208
238,gene_239,iAF987.Gmet_0387,169
239,gene_240,iAF987.Gmet_0388,152
240,gene_241,iAF987.Gmet_0389,295
241,gene_242,iAF987.Gmet_0390,75
242,gene_243,iAF987.Gmet_0406,231
243,gene_244,iAF987.Gmet_0407,194
244,gene_245,iAF987.Gmet_0410,224
245,gene_246,iAF987.Gmet_0412,171
246,gene_247,iAF987.Gmet_0413,339
247,gene_248,iAF987.Gmet_0414,187
248,gene_249,iAF987.Gmet_0415,210
249,gene_250,iAF987.Gmet_0475,135
250,gene_251,iAF987.Gmet_0497,205
252,gene_253,iAF987.Gmet_0552,318
253,gene_254,iAF987.Gmet_0602,348
254,gene_255,iAF987.Gmet_0604,308
255,gene_256,iAF987.Gmet_0608,271
256,gene_257,iAF987.Gmet_0647,204
257,gene_258,iAF987.Gmet_0816,41
258,gene_259,iAF987.Gmet_0819,454
259,gene_260,iAF987.Gmet_0822,73
260,gene_261,iAF987.Gmet_0844,85
261,gene_262,iAF987.Gmet_0865,166
262,gene_263,iAF987.Gmet_0866,229
264,gene_265,iAF987.Gmet_0872,238
266,gene_267,iAF987.Gmet_0885,165
267,gene_268,iAF987.Gmet_0886,132
268,gene_269,iAF987.Gmet_0899,140
269,gene_270,iAF987.Gmet_0916,347
270,gene_271,iAF987.Gmet_0928,279
271,gene_272,iAF987.Gmet_0940,648
272,gene_273,iAF987.Gmet_0941,120
273,gene_274,iAF987.Gmet_0952,261
274,gene_275,iAF987.Gmet_0956,750
275,gene_276,iAF987.Gmet_0978,215
276,gene_277,iAF987.Gmet_0981,124
277,gene_278,iAF987.Gmet_0984,463
278,gene_279,iAF987.Gmet_1016,732
279,gene_280,iAF987.Gmet_1043,77
280,gene_281,iAF987.Gmet_1092,238
281,gene_282,iAF987.Gmet_1148,264
282,gene_283,iAF987.Gmet_1159,191
283,gene_284,iAF987.Gmet_1179,77
284,gene_285,iAF987.Gmet_1182,338
285,gene_286,iAF987.Gmet_1186,516
286,gene_287,iAF987.Gmet_1188,47
287,gene_288,iAF987.Gmet_1189,73
288,gene_289,iAF987.Gmet_1252,288
289,gene_290,iAF987.Gmet_1255,115
290,gene_291,iAF987.Gmet_1256,276
291,gene_292,iAF987.Gmet_1260,557
292,gene_293,iAF987.Gmet_1261,170
293,gene_294,iAF987.Gmet_1262,363
294,gene_295,iAF987.Gmet_1265,446
295,gene_296,iAF987.Gmet_1282,105
296,gene_297,iAF987.Gmet_1300,275
297,gene_298,iAF987.Gmet_1353,346
298,gene_299,iAF987.Gmet_1354,530
299,gene_300,iAF987.Gmet_1355,169
300,gene_301,iAF987.Gmet_1357,553
301,gene_302,iAF987.Gmet_1377,79
302,gene_303,iAF987.Gmet_1415,354
303,gene_304,iAF987.Gmet_1416,557
305,gene_306,iAF987.Gmet_1434,353
307,gene_308,iAF987.Gmet_1487,506
308,gene_309,iAF987.Gmet_1558,318
309,gene_310,iAF987.Gmet_1567,43
310,gene_311,iAF987.Gmet_1568,70
311,gene_312,iAF987.Gmet_1599,240
312,gene_313,iAF987.Gmet_1600,143
313,gene_314,iAF987.Gmet_1601,221
314,gene_315,iAF987.Gmet_1603,386
315,gene_316,iAF987.Gmet_1605,456
316,gene_317,iAF987.Gmet_1629,201
317,gene_318,iAF987.Gmet_1640,268
318,gene_319,iAF987.Gmet_1653,270
319,gene_320,iAF987.Gmet_1657,64
320,gene_321,iAF987.Gmet_1671,301
321,gene_322,iAF987.Gmet_1676,528
322,gene_323,iAF987.Gmet_1706,78
323,gene_324,iAF987.Gmet_1736,375
324,gene_325,iAF987.Gmet_1759,122
325,gene_326,iAF987.Gmet_1762,192
326,gene_327,iAF987.Gmet_1769,264
327,gene_328,iAF987.Gmet_1770,378
328,gene_329,iAF987.Gmet_1771,336
329,gene_330,iAF987.Gmet_1774,1153
330,gene_331,iAF987.Gmet_1790,80
331,gene_332,iAF987.Gmet_1819,244
332,gene_333,iAF987.Gmet_1825,443
333,gene_334,iAF987.Gmet_1826,124
334,gene_335,iAF987.Gmet_1827,460
335,gene_336,iAF987.Gmet_1841,254
336,gene_337,iAF987.Gmet_1842,121
337,gene_338,iAF987.Gmet_1844,291
338,gene_339,iAF987.Gmet_1845,174
339,gene_340,iAF987.Gmet_1875,142
340,gene_341,iAF987.Gmet_1884,78
341,gene_342,iAF987.Gmet_1889,181
342,gene_343,iAF987.Gmet_1899,244
343,gene_344,iAF987.Gmet_1903,109
344,gene_345,iAF987.Gmet_1913,323
345,gene_346,iAF987.Gmet_1914,69
346,gene_347,iAF987.Gmet_1919,77
347,gene_348,iAF987.Gmet_1939,438
348,gene_349,iAF987.Gmet_1943,424
349,gene_350,iAF987.Gmet_1948,231
350,gene_351,iAF987.Gmet_1952,105
351,gene_352,iAF987.Gmet_1960,208
352,gene_353,iAF987.Gmet_1986,164
353,gene_354,iAF987.Gmet_1988,243
354,gene_355,iAF987.Gmet_2066,45
355,gene_356,iAF987.Gmet_2246,236
356,gene_357,iAF987.Gmet_2257,45
357,gene_358,iAF987.Gmet_2300,798
358,gene_359,iAF987.Gmet_2318,177
359,gene_360,iAF987.Gmet_2321,454
360,gene_361,iAF987.Gmet_2325,557
361,gene_362,iAF987.Gmet_2349,317
362,gene_363,iAF987.Gmet_2351,248
363,gene_364,iAF987.Gmet_2352,87
364,gene_365,iAF987.Gmet_2360,456
365,gene_366,iAF987.Gmet_2372,544
366,gene_367,iAF987.Gmet_2373,394
367,gene_368,iAF987.Gmet_2391,409
368,gene_369,iAF987.Gmet_2399,200
369,gene_370,iAF987.Gmet_2412,524
370,gene_371,iAF987.Gmet_2439,130
371,gene_372,iAF987.Gmet_2444,42
372,gene_373,iAF987.Gmet_2475,162
373,gene_374,iAF987.Gmet_2476,264
374,gene_375,iAF987.Gmet_2493,427
375,gene_376,iAF987.Gmet_2634,248
377,gene_378,iAF987.Gmet_2673,298
378,gene_379,iAF987.Gmet_2704,270
379,gene_380,iAF987.Gmet_2767,507
380,gene_381,iAF987.Gmet_2823,43
381,gene_382,iAF987.Gmet_2848,262
382,gene_383,iAF987.Gmet_2904,381
383,gene_384,iAF987.Gmet_2905,498
384,gene_385,iAF987.Gmet_2907,286
385,gene_386,iAF987.Gmet_2909,196
386,gene_387,iAF987.Gmet_2910,447
387,gene_388,iAF987.Gmet_2933,47
388,gene_389,iAF987.Gmet_2940,827
389,gene_390,iAF987.Gmet_2941,407
390,gene_391,iAF987.Gmet_2942,402
391,gene_392,iAF987.Gmet_2947,102
392,gene_393,iAF987.Gmet_2988,305
393,gene_394,iAF987.Gmet_2999,84
394,gene_395,iAF987.Gmet_3020,107
395,gene_396,iAF987.Gmet_3023,309
396,gene_397,iAF987.Gmet_3026,95
397,gene_398,iAF987.Gmet_3131,188
398,gene_399,iAF987.Gmet_3169,489
399,gene_400,iAF987.Gmet_3170,38
400,gene_401,iAF987.Gmet_3171,33
402,gene_403,iAF987.Gmet_3221,54
403,gene_404,iAF987.Gmet_3241,52
404,gene_405,iAF987.Gmet_3243,319
405,gene_406,iAF987.Gmet_3260,449
406,gene_407,iAF987.Gmet_3272,228
408,gene_409,iAF987.Gmet_3339,151
409,gene_410,iAF987.Gmet_3359,80
410,gene_411,iAF987.Gmet_3406,576
411,gene_412,iAF987.Gmet_3408,532
412,gene_413,iAF987.Gmet_3469,170
413,gene_414,iAF987.Gmet_3508,60
414,gene_415,iAF987.Gmet_3524,165
415,gene_416,iAF987.Gmet_3528,437
416,gene_417,iAF987.Gmet_3529,99
417,gene_418,iAF987.Gmet_3535,166
418,gene_419,iAM_Pb448.PBANKA_071570,119
419,gene_420,iAM_Pb448.PBANKA_080930,95
420,gene_421,iAM_Pb448.PBANKA_083310,148
421,gene_422,iAM_Pb448.PBANKA_113700,168
422,gene_423,iAM_Pc455.PCYB_052680,111
423,gene_424,iAM_Pc455.PCYB_071570,94
424,gene_425,iAM_Pc455.PCYB_073980,145
425,gene_426,iAM_Pc455.PCYB_092620,275
426,gene_427,iAM_Pc455.PCYB_111980,174
427,gene_428,iAM_Pf480.PF3D7_0413700,111
428,gene_429,iAM_Pf480.PF3D7_0627500,86
429,gene_430,iAM_Pf480.PF3D7_1120100,277
431,gene_432,iAM_Pv461.PVX_085435,44
432,gene_433,iAM_Pv461.PVX_085660,87
433,gene_434,iAM_Pv461.PVX_087090,139
434,gene_435,iAM_Pv461.PVX_089645,110
435,gene_436,iAM_Pv461.PVX_091640,275
436,gene_437,iAM_Pv461.PVX_098840,102
438,gene_439,iAM_Pv461.PVX_115000,181
439,gene_440,iAT_PLT_636.2618,370
440,gene_441,iAT_PLT_636.3418,431
441,gene_442,iAT_PLT_636.4905,135
442,gene_443,iAT_PLT_636.506,561
443,gene_444,iAT_PLT_636.5223,286
444,gene_445,iAT_PLT_636.5224,277
446,gene_447,iAT_PLT_636.5834,508
447,gene_448,iCHOv1.100682535,225
448,gene_449,iCHOv1.100689446,375
449,gene_450,iCHOv1.100751791,145
450,gene_451,iCHOv1.100752162,100
451,gene_452,iCHOv1.100753544,99
452,gene_453,iCHOv1.100754792,371
453,gene_454,iCHOv1.100754972,47
454,gene_455,iCHOv1.100755391,124
455,gene_456,iCHOv1.100757362,148
456,gene_457,iCHOv1.100757665,92
457,gene_458,iCHOv1.100758982,42
458,gene_459,iCHOv1.100759532,257
459,gene_460,iCHOv1.100760751,319
460,gene_461,iCHOv1.100761226,121
461,gene_462,iCHOv1.100761944,276
462,gene_463,iCHOv1.100762480,201
463,gene_464,iCHOv1.100763024,561
464,gene_465,iCHOv1.100766024,691
465,gene_466,iCHOv1.100766080,284
466,gene_467,iCHOv1.100767446,348
468,gene_469,iCHOv1.100770033,88
469,gene_470,iCHOv1.100770431,497
471,gene_472,iCHOv1.100773599,90
472,gene_473,iCN718.ABAYE_RS00620,317
473,gene_474,iCN718.ABAYE_RS00740,131
474,gene_475,iCN718.ABAYE_RS00850,233
475,gene_476,iCN718.ABAYE_RS01280,320
476,gene_477,iCN718.ABAYE_RS01735,290
477,gene_478,iCN718.ABAYE_RS01765,147
478,gene_479,iCN718.ABAYE_RS01785,199
479,gene_480,iCN718.ABAYE_RS02010,90
481,gene_482,iCN718.ABAYE_RS02355,376
482,gene_483,iCN718.ABAYE_RS02360,410
483,gene_484,iCN718.ABAYE_RS03170,274
484,gene_485,iCN718.ABAYE_RS03490,524
485,gene_486,iCN718.ABAYE_RS04050,365
486,gene_487,iCN718.ABAYE_RS04295,68
487,gene_488,iCN718.ABAYE_RS04335,413
488,gene_489,iCN718.ABAYE_RS04470,218
489,gene_490,iCN718.ABAYE_RS04530,1135
490,gene_491,iCN718.ABAYE_RS04620,539
492,gene_493,iCN718.ABAYE_RS04905,333
493,gene_494,iCN718.ABAYE_RS04960,288
494,gene_495,iCN718.ABAYE_RS06300,439
496,gene_497,iCN718.ABAYE_RS06435,124
497,gene_498,iCN718.ABAYE_RS07250,362
498,gene_499,iCN718.ABAYE_RS07255,475
499,gene_500,iCN718.ABAYE_RS08160,541
500,gene_501,iCN718.ABAYE_RS09790,145
501,gene_502,iCN718.ABAYE_RS10515,154
502,gene_503,iCN718.ABAYE_RS10970,246
503,gene_504,iCN718.ABAYE_RS11025,164
504,gene_505,iCN718.ABAYE_RS11130,132
505,gene_506,iCN718.ABAYE_RS11220,149
506,gene_507,iCN718.ABAYE_RS11715,354
507,gene_508,iCN718.ABAYE_RS13005,636
508,gene_509,iCN718.ABAYE_RS13345,124
509,gene_510,iCN718.ABAYE_RS13810,469
510,gene_511,iCN718.ABAYE_RS13845,62
511,gene_512,iCN718.ABAYE_RS13985,368
512,gene_513,iCN718.ABAYE_RS14110,214
513,gene_514,iCN718.ABAYE_RS14570,222
514,gene_515,iCN718.ABAYE_RS14710,67
515,gene_516,iCN718.ABAYE_RS14785,131
516,gene_517,iCN718.ABAYE_RS14895,68
517,gene_518,iCN718.ABAYE_RS14915,64
518,gene_519,iCN718.ABAYE_RS15470,259
519,gene_520,iCN718.ABAYE_RS15510,196
520,gene_521,iCN718.ABAYE_RS15605,374
521,gene_522,iCN718.ABAYE_RS16085,739
522,gene_523,iCN718.ABAYE_RS16130,379
523,gene_524,iCN718.ABAYE_RS16685,332
524,gene_525,iCN718.ABAYE_RS16760,69
525,gene_526,iCN718.ABAYE_RS17030,159
526,gene_527,iCN718.ABAYE_RS17470,419
527,gene_528,iCN718.ABAYE_RS18530,363
528,gene_529,iCN718.ABAYE_RS18570,321
529,gene_530,iCN718.ABAYE_RS18840,100
530,gene_531,iCN718.ABAYE_RS18875,136
531,gene_532,iCN718.ABAYE_RS19210,160
532,gene_533,iCN900.CD630_00140,440
533,gene_534,iCN900.CD630_00490,489
534,gene_535,iCN900.CD630_00520,380
535,gene_536,iCN900.CD630_00910,198
536,gene_537,iCN900.CD630_01000,217
537,gene_538,iCN900.CD630_01010,198
538,gene_539,iCN900.CD630_01020,156
539,gene_540,iCN900.CD630_01030,127
540,gene_541,iCN900.CD630_01190,366
541,gene_542,iCN900.CD630_01200,486
542,gene_543,iCN900.CD630_01230,376
543,gene_544,iCN900.CD630_01280,99
544,gene_545,iCN900.CD630_01300,467
546,gene_547,iCN900.CD630_01360,59
547,gene_548,iCN900.CD630_01370,143
548,gene_549,iCN900.CD630_01550,199
549,gene_550,iCN900.CD630_01880,128
550,gene_551,iCN900.CD630_01980,547
551,gene_552,iCN900.CD630_02200,159
552,gene_553,iCN900.CD630_02210,291
554,gene_555,iCN900.CD630_02250,1233
555,gene_556,iCN900.CD630_02840,128
556,gene_557,iCN900.CD630_02870,186
557,gene_558,iCN900.CD630_02880,335
558,gene_559,iCN900.CD630_02890,355
559,gene_560,iCN900.CD630_03130,600
560,gene_561,iCN900.CD630_03340,1129
561,gene_562,iCN900.CD630_03960,150
562,gene_563,iCN900.CD630_04030,191
563,gene_564,iCN900.CD630_04310,293
564,gene_565,iCN900.CD630_04910,67
565,gene_566,iCN900.CD630_04920,91
566,gene_567,iCN900.CD630_04930,112
567,gene_568,iCN900.CD630_04940,168
568,gene_569,iCN900.CD630_05740,748
569,gene_570,iCN900.CD630_05910,471
570,gene_571,iCN900.CD630_06990,373
571,gene_572,iCN900.CD630_07180,791
572,gene_573,iCN900.CD630_07190,123
573,gene_574,iCN900.CD630_07200,195
574,gene_575,iCN900.CD630_07370,48
575,gene_576,iCN900.CD630_07510,142
576,gene_577,iCN900.CD630_07520,275
577,gene_578,iCN900.CD630_07540,244
578,gene_579,iCN900.CD630_07590,937
579,gene_580,iCN900.CD630_08180,406
580,gene_581,iCN900.CD630_08680,43
581,gene_582,iCN900.CD630_08720,100
582,gene_583,iCN900.CD630_08820,357
583,gene_584,iCN900.CD630_08840,439
584,gene_585,iCN900.CD630_08850,699
585,gene_586,iCN900.CD630_08930,279
586,gene_587,iCN900.CD630_08940,271
587,gene_588,iCN900.CD630_09000,120
588,gene_589,iCN900.CD630_09010,45
589,gene_590,iCN900.CD630_09270,90
590,gene_591,iCN900.CD630_09900,492
591,gene_592,iCN900.CD630_09910,202
592,gene_593,iCN900.CD630_10050,442
593,gene_594,iCN900.CD630_10100,186
594,gene_595,iCN900.CD630_10110,263
595,gene_596,iCN900.CD630_10240,278
596,gene_597,iCN900.CD630_10580,129
597,gene_598,iCN900.CD630_10620,42
598,gene_599,iCN900.CD630_10690,194
599,gene_600,iCN900.CD630_10740,60
600,gene_601,iCN900.CD630_10770,162
601,gene_602,iCN900.CD630_10780,159
602,gene_603,iCN900.CD630_10830,54
603,gene_604,iCN900.CD630_11750,339
604,gene_605,iCN900.CD630_11800,342
605,gene_606,iCN900.CD630_11810,149
606,gene_607,iCN900.CD630_11820,243
607,gene_608,iCN900.CD630_11840,383
608,gene_609,iCN900.CD630_11910,561
609,gene_610,iCN900.CD630_12200,133
610,gene_611,iCN900.CD630_12260,121
611,gene_612,iCN900.CD630_12790,246
612,gene_613,iCN900.CD630_12820,691
613,gene_614,iCN900.CD630_13270,104
614,gene_615,iCN900.CD630_13320,259
615,gene_616,iCN900.CD630_13530,177
616,gene_617,iCN900.CD630_13820,524
617,gene_618,iCN900.CD630_14490,214
618,gene_619,iCN900.CD630_14770,50
619,gene_620,iCN900.CD630_14780,89
620,gene_621,iCN900.CD630_14790,636
621,gene_622,iCN900.CD630_14890,162
622,gene_623,iCN900.CD630_14900,156
623,gene_624,iCN900.CD630_15210,325
624,gene_625,iCN900.CD630_15360,228
625,gene_626,iCN900.CD630_15370,459
626,gene_627,iCN900.CD630_15650,372
628,gene_629,iCN900.CD630_15950,80
629,gene_630,iCN900.CD630_15990,196
630,gene_631,iCN900.CD630_16010,135
631,gene_632,iCN900.CD630_16140,145
632,gene_633,iCN900.CD630_16260,221
633,gene_634,iCN900.CD630_16590,489
634,gene_635,iCN900.CD630_16740,185
635,gene_636,iCN900.CD630_17020,484
636,gene_637,iCN900.CD630_17030,127
637,gene_638,iCN900.CD630_17040,283
638,gene_639,iCN900.CD630_17050,250
639,gene_640,iCN900.CD630_17460,47
640,gene_641,iCN900.CD630_17750,150
641,gene_642,iCN900.CD630_18070,38
642,gene_643,iCN900.CD630_18140,68
643,gene_644,iCN900.CD630_18240,580
644,gene_645,iCN900.CD630_18250,417
645,gene_646,iCN900.CD630_18320,305
646,gene_647,iCN900.CD630_18350,273
647,gene_648,iCN900.CD630_18370,96
648,gene_649,iCN900.CD630_18390,124
649,gene_650,iCN900.CD630_19370,257
650,gene_651,iCN900.CD630_19380,435
651,gene_652,iCN900.CD630_19390,84
652,gene_653,iCN900.CD630_19470,213
653,gene_654,iCN900.CD630_19780,180
654,gene_655,iCN900.CD630_19790,244
655,gene_656,iCN900.CD630_19800,194
656,gene_657,iCN900.CD630_20140,587
657,gene_658,iCN900.CD630_20200,840
658,gene_659,iCN900.CD630_20300,353
659,gene_660,iCN900.CD630_20320,234
660,gene_661,iCN900.CD630_20330,248
661,gene_662,iCN900.CD630_20500,167
662,gene_663,iCN900.CD630_20800,136
663,gene_664,iCN900.CD630_20830,328
664,gene_665,iCN900.CD630_20840,152
665,gene_666,iCN900.CD630_20850,500
666,gene_667,iCN900.CD630_20910,333
667,gene_668,iCN900.CD630_20990,676
668,gene_669,iCN900.CD630_21010,148
669,gene_670,iCN900.CD630_21070,273
670,gene_671,iCN900.CD630_21150,588
671,gene_672,iCN900.CD630_21180,382
672,gene_673,iCN900.CD630_21190,173
673,gene_674,iCN900.CD630_21220,211
674,gene_675,iCN900.CD630_21280,324
675,gene_676,iCN900.CD630_21360,234
676,gene_677,iCN900.CD630_21640,274
677,gene_678,iCN900.CD630_21680,694
678,gene_679,iCN900.CD630_21720,248
679,gene_680,iCN900.CD630_22410,161
680,gene_681,iCN900.CD630_22450,581
682,gene_683,iCN900.CD630_22690,590
683,gene_684,iCN900.CD630_22700,289
684,gene_685,iCN900.CD630_22760,348
686,gene_687,iCN900.CD630_22800,468
687,gene_688,iCN900.CD630_22820,87
688,gene_689,iCN900.CD630_23210,334
689,gene_690,iCN900.CD630_23220,308
690,gene_691,iCN900.CD630_23260,54
692,gene_693,iCN900.CD630_23290,194
693,gene_694,iCN900.CD630_23300,190
694,gene_695,iCN900.CD630_23350,732
695,gene_696,iCN900.CD630_23560,273
696,gene_697,iCN900.CD630_23700,229
697,gene_698,iCN900.CD630_23710,324
698,gene_699,iCN900.CD630_23720,234
699,gene_700,iCN900.CD630_24100,835
700,gene_701,iCN900.CD630_24320,379
701,gene_702,iCN900.CD630_24910,296
702,gene_703,iCN900.CD630_24930,84
703,gene_704,iCN900.CD630_24960,265
704,gene_705,iCN900.CD630_25030,622
705,gene_706,iCN900.CD630_25120,93
706,gene_707,iCN900.CD630_25210,779
707,gene_708,iCN900.CD630_25240,163
708,gene_709,iCN900.CD630_25660,99
709,gene_710,iCN900.CD630_25750,201
710,gene_711,iCN900.CD630_25870,286
711,gene_712,iCN900.CD630_25950,203
712,gene_713,iCN900.CD630_26110,156
713,gene_714,iCN900.CD630_26230,129
714,gene_715,iCN900.CD630_26270,73
715,gene_716,iCN900.CD630_26510,169
716,gene_717,iCN900.CD630_26640,206
717,gene_718,iCN900.CD630_26820,1252
718,gene_719,iCN900.CD630_26960,211
719,gene_720,iCN900.CD630_27140,392
720,gene_721,iCN900.CD630_27150,181
721,gene_722,iCN900.CD630_27330,203
722,gene_723,iCN900.CD630_27390,532
723,gene_724,iCN900.CD630_27420,94
724,gene_725,iCN900.CD630_27440,607
725,gene_726,iCN900.CD630_27450,162
726,gene_727,iCN900.CD630_27550,470
727,gene_728,iCN900.CD630_27800,382
728,gene_729,iCN900.CD630_28280,293
729,gene_730,iCN900.CD630_28320,263
730,gene_731,iCN900.CD630_28750,150
731,gene_732,iCN900.CD630_28820,486
732,gene_733,iCN900.CD630_28830,204
733,gene_734,iCN900.CD630_28840,74
734,gene_735,iCN900.CD630_29660,1135
735,gene_736,iCN900.CD630_29710,77
736,gene_737,iCN900.CD630_29890,57
739,gene_740,iCN900.CD630_30270,83
740,gene_741,iCN900.CD630_30670,50
741,gene_742,iCN900.CD630_30680,111
742,gene_743,iCN900.CD630_30690,166
743,gene_744,iCN900.CD630_30700,146
744,gene_745,iCN900.CD630_30740,335
745,gene_746,iCN900.CD630_30820,85
748,gene_749,iCN900.CD630_31020,144
749,gene_750,iCN900.CD630_31100,257
750,gene_751,iCN900.CD630_31240,656
752,gene_753,iCN900.CD630_31270,285
753,gene_754,iCN900.CD630_31700,571
754,gene_755,iCN900.CD630_31730,412
755,gene_756,iCN900.CD630_31740,392
756,gene_757,iCN900.CD630_31770,861
757,gene_758,iCN900.CD630_31780,359
758,gene_759,iCN900.CD630_31840,501
759,gene_760,iCN900.CD630_31890,88
760,gene_761,iCN900.CD630_31950,473
761,gene_762,iCN900.CD630_32230,250
762,gene_763,iCN900.CD630_32250,265
763,gene_764,iCN900.CD630_32260,144
764,gene_765,iCN900.CD630_32560,703
765,gene_766,iCN900.CD630_32610,286
766,gene_767,iCN900.CD630_32760,171
767,gene_768,iCN900.CD630_32770,138
769,gene_770,iCN900.CD630_32790,65
770,gene_771,iCN900.CD630_32850,242
771,gene_772,iCN900.CD630_33080,231
773,gene_774,iCN900.CD630_33730,807
774,gene_775,iCN900.CD630_33940,451
775,gene_776,iCN900.CD630_34020,251
776,gene_777,iCN900.CD630_34070,496
777,gene_778,iCN900.CD630_34400,122
778,gene_779,iCN900.CD630_34480,316
779,gene_780,iCN900.CD630_34510,174
780,gene_781,iCN900.CD630_34530,288
781,gene_782,iCN900.CD630_34590,330
782,gene_783,iCN900.CD630_34600,308
783,gene_784,iCN900.CD630_34660,77
784,gene_785,iCN900.CD630_34680,613
785,gene_786,iCN900.CD630_34700,550
786,gene_787,iCN900.CD630_34790,257
787,gene_788,iCN900.CD630_34800,93
788,gene_789,iCN900.CD630_34910,108
789,gene_790,iCN900.CD630_35140,276
790,gene_791,iCN900.CD630_35150,330
791,gene_792,iCN900.CD630_35300,271
792,gene_793,iCN900.CD630_35330,240
793,gene_794,iCN900.CD630_35340,294
794,gene_795,iCN900.CD630_35350,303
795,gene_796,iCN900.CD630_35360,227
796,gene_797,iCN900.CD630_35380,41
797,gene_798,iCN900.CD630_35400,437
798,gene_799,iCN900.CD630_35430,356
799,gene_800,iCN900.CD630_35520,423
800,gene_801,iCN900.CD630_35550,170
801,gene_802,iCN900.CD630_35960,649
802,gene_803,iCN900.CD630_36470,55
803,gene_804,iCN900.CD630_36550,434
804,gene_805,iCN900.CD630_36640,67
805,gene_806,iCN900.CD630_36700,251
806,gene_807,iEK1008.Rv0018c,175
809,gene_810,iEK1008.Rv0125,108
810,gene_811,iEK1008.Rv0126,217
811,gene_812,iEK1008.Rv0166,247
812,gene_813,iEK1008.Rv0189c,364
814,gene_815,iEK1008.Rv0337c,495
815,gene_816,iEK1008.Rv0357c,468
816,gene_817,iEK1008.Rv0386,44
818,gene_819,iEK1008.Rv0505c,67
819,gene_820,iEK1008.Rv0650,125
820,gene_821,iEK1008.Rv0684,804
821,gene_822,iEK1008.Rv0694,115
822,gene_823,iEK1008.Rv0808,481
823,gene_824,iEK1008.Rv0809,291
824,gene_825,iEK1008.Rv0819,44
825,gene_826,iEK1008.Rv0946c,619
826,gene_827,iEK1008.Rv1011,101
827,gene_828,iEK1008.Rv1018c,355
828,gene_829,iEK1008.Rv1238,366
829,gene_830,iEK1008.Rv1281c,287
831,gene_832,iEK1008.Rv1305,38
832,gene_833,iEK1008.Rv1315,369
833,gene_834,iEK1008.Rv1326c,517
834,gene_835,iEK1008.Rv1348,247
835,gene_836,iEK1008.Rv1349,215
836,gene_837,iEK1008.Rv1380,246
838,gene_839,iEK1008.Rv1384,1124
839,gene_840,iEK1008.Rv1389,157
840,gene_841,iEK1008.Rv1391,281
841,gene_842,iEK1008.Rv1392,433
842,gene_843,iEK1008.Rv1464,301
843,gene_844,iEK1008.Rv1475c,786
844,gene_845,iEK1008.Rv1595,98
845,gene_846,iEK1008.Rv1600,161
846,gene_847,iEK1008.Rv1601,197
847,gene_848,iEK1008.Rv1658,382
848,gene_849,iEK1008.Rv1695,123
849,gene_850,iEK1008.Rv1712,169
850,gene_851,iEK1008.Rv1822,71
851,gene_852,iEK1008.Rv1928c,154
852,gene_853,iEK1008.Rv2051c,73
853,gene_854,iEK1008.Rv2156c,241
854,gene_855,iEK1008.Rv2158c,202
856,gene_857,iEK1008.Rv2222c,397
857,gene_858,iEK1008.Rv2228c,43
858,gene_859,iEK1008.Rv2252,88
859,gene_860,iEK1008.Rv2298,47
860,gene_861,iEK1008.Rv2334,323
861,gene_862,iEK1008.Rv2335,142
862,gene_863,iEK1008.Rv2388c,159
863,gene_864,iEK1008.Rv2397c,117
864,gene_865,iEK1008.Rv2421c,166
865,gene_866,iEK1008.Rv2427c,337
866,gene_867,iEK1008.Rv2471,450
867,gene_868,iEK1008.Rv2538c,50
868,gene_869,iEK1008.Rv2564,156
869,gene_870,iEK1008.Rv2583c,578
870,gene_871,iEK1008.Rv2601,44
871,gene_872,iEK1008.Rv2691,133
872,gene_873,iEK1008.Rv2692,121
873,gene_874,iEK1008.Rv2697c,164
874,gene_875,iEK1008.Rv2702,199
875,gene_876,iEK1008.Rv2746c,71
876,gene_877,iEK1008.Rv2763c,95
877,gene_878,iEK1008.Rv2793c,179
879,gene_880,iEK1008.Rv2922A,43
880,gene_881,iEK1008.Rv2936,147
882,gene_883,iEK1008.Rv2965c,130
883,gene_884,iEK1008.Rv2981c,203
884,gene_885,iEK1008.Rv2982c,261
885,gene_886,iEK1008.Rv2984,356
886,gene_887,iEK1008.Rv3001c,372
887,gene_888,iEK1008.Rv3025c,194
888,gene_889,iEK1008.Rv3032,43
889,gene_890,iEK1008.Rv3089,237
890,gene_891,iEK1008.Rv3109,72
891,gene_892,iEK1008.Rv3262,47
892,gene_893,iEK1008.Rv3275c,155
893,gene_894,iEK1008.Rv3279c,93
894,gene_895,iEK1008.Rv3339c,431
895,gene_896,iEK1008.Rv3396c,316
896,gene_897,iEK1008.Rv3436c,486
897,gene_898,iEK1008.Rv3464,476
898,gene_899,iEK1008.Rv3561,85
899,gene_900,iEK1008.Rv3609c,209
902,gene_903,iEK1008.Rv3782,51
903,gene_904,iEK1008.Rv3808c,122
904,gene_905,iEK1008.Rv3859c,1346
905,gene_906,iHN637.CLJU_RS00840,425
906,gene_907,iHN637.CLJU_RS01075,635
907,gene_908,iHN637.CLJU_RS01130,100
908,gene_909,iHN637.CLJU_RS01135,249
909,gene_910,iHN637.CLJU_RS01175,51
910,gene_911,iHN637.CLJU_RS01180,545
911,gene_912,iHN637.CLJU_RS01190,599
912,gene_913,iHN637.CLJU_RS01205,362
913,gene_914,iHN637.CLJU_RS01260,460
914,gene_915,iHN637.CLJU_RS01300,507
915,gene_916,iHN637.CLJU_RS01375,185
916,gene_917,iHN637.CLJU_RS01455,123
917,gene_918,iHN637.CLJU_RS01470,84
918,gene_919,iHN637.CLJU_RS01495,324
919,gene_920,iHN637.CLJU_RS01500,344
920,gene_921,iHN637.CLJU_RS01560,271
921,gene_922,iHN637.CLJU_RS01595,414
922,gene_923,iHN637.CLJU_RS02030,462
923,gene_924,iHN637.CLJU_RS02100,254
924,gene_925,iHN637.CLJU_RS02205,181
925,gene_926,iHN637.CLJU_RS02275,297
926,gene_927,iHN637.CLJU_RS02400,42
927,gene_928,iHN637.CLJU_RS02740,79
928,gene_929,iHN637.CLJU_RS02950,313
929,gene_930,iHN637.CLJU_RS03050,527
930,gene_931,iHN637.CLJU_RS03270,650
931,gene_932,iHN637.CLJU_RS03400,599
932,gene_933,iHN637.CLJU_RS03525,160
933,gene_934,iHN637.CLJU_RS03675,273
934,gene_935,iHN637.CLJU_RS04010,807
935,gene_936,iHN637.CLJU_RS04215,171
936,gene_937,iHN637.CLJU_RS04460,457
937,gene_938,iHN637.CLJU_RS04465,512
938,gene_939,iHN637.CLJU_RS04470,201
939,gene_940,iHN637.CLJU_RS04475,358
940,gene_941,iHN637.CLJU_RS04575,368
941,gene_942,iHN637.CLJU_RS04605,1307
942,gene_943,iHN637.CLJU_RS05135,394
943,gene_944,iHN637.CLJU_RS05190,207
944,gene_945,iHN637.CLJU_RS05255,161
945,gene_946,iHN637.CLJU_RS05270,348
946,gene_947,iHN637.CLJU_RS05640,448
947,gene_948,iHN637.CLJU_RS05660,1238
948,gene_949,iHN637.CLJU_RS05700,211
949,gene_950,iHN637.CLJU_RS05725,150
950,gene_951,iHN637.CLJU_RS05730,346
951,gene_952,iHN637.CLJU_RS05735,197
952,gene_953,iHN637.CLJU_RS05745,136
953,gene_954,iHN637.CLJU_RS05755,276
954,gene_955,iHN637.CLJU_RS05760,137
955,gene_956,iHN637.CLJU_RS05810,208
956,gene_957,iHN637.CLJU_RS06095,291
957,gene_958,iHN637.CLJU_RS06110,203
958,gene_959,iHN637.CLJU_RS06260,338
959,gene_960,iHN637.CLJU_RS06265,367
960,gene_961,iHN637.CLJU_RS06285,46
961,gene_962,iHN637.CLJU_RS06420,286
962,gene_963,iHN637.CLJU_RS06465,105
963,gene_964,iHN637.CLJU_RS06515,112
964,gene_965,iHN637.CLJU_RS06600,68
966,gene_967,iHN637.CLJU_RS06865,53
967,gene_968,iHN637.CLJU_RS07045,134
968,gene_969,iHN637.CLJU_RS07205,498
969,gene_970,iHN637.CLJU_RS07240,379
970,gene_971,iHN637.CLJU_RS07395,389
971,gene_972,iHN637.CLJU_RS07840,298
972,gene_973,iHN637.CLJU_RS08095,1081
973,gene_974,iHN637.CLJU_RS08100,1075
974,gene_975,iHN637.CLJU_RS08460,116
975,gene_976,iHN637.CLJU_RS08540,186
976,gene_977,iHN637.CLJU_RS08715,114
977,gene_978,iHN637.CLJU_RS08755,223
978,gene_979,iHN637.CLJU_RS08910,195
979,gene_980,iHN637.CLJU_RS10005,364
980,gene_981,iHN637.CLJU_RS10010,364
981,gene_982,iHN637.CLJU_RS10015,580
982,gene_983,iHN637.CLJU_RS10115,218
983,gene_984,iHN637.CLJU_RS10190,136
984,gene_985,iHN637.CLJU_RS10465,250
986,gene_987,iHN637.CLJU_RS10565,234
987,gene_988,iHN637.CLJU_RS10570,243
988,gene_989,iHN637.CLJU_RS10610,427
989,gene_990,iHN637.CLJU_RS11545,196
990,gene_991,iHN637.CLJU_RS11570,42
991,gene_992,iHN637.CLJU_RS11760,798
992,gene_993,iHN637.CLJU_RS11970,320
993,gene_994,iHN637.CLJU_RS12050,94
994,gene_995,iHN637.CLJU_RS12245,461
995,gene_996,iHN637.CLJU_RS12255,478
996,gene_997,iHN637.CLJU_RS12430,347
997,gene_998,iHN637.CLJU_RS12790,276
998,gene_999,iHN637.CLJU_RS12895,224
999,gene_1000,iHN637.CLJU_RS13070,125
1000,gene_1001,iHN637.CLJU_RS13075,261
1001,gene_1002,iHN637.CLJU_RS13095,410
1002,gene_1003,iHN637.CLJU_RS13685,273
1003,gene_1004,iHN637.CLJU_RS13735,264
1004,gene_1005,iHN637.CLJU_RS13835,372
1005,gene_1006,iHN637.CLJU_RS13925,48
1006,gene_1007,iHN637.CLJU_RS14330,589
1007,gene_1008,iHN637.CLJU_RS14370,214
1008,gene_1009,iHN637.CLJU_RS14375,270
1009,gene_1010,iHN637.CLJU_RS14380,276
1010,gene_1011,iHN637.CLJU_RS14390,130
1011,gene_1012,iHN637.CLJU_RS14395,318
1012,gene_1013,iHN637.CLJU_RS14475,1232
1013,gene_1014,iHN637.CLJU_RS14750,339
1014,gene_1015,iHN637.CLJU_RS15095,329
1015,gene_1016,iHN637.CLJU_RS16210,286
1016,gene_1017,iHN637.CLJU_RS16285,190
1017,gene_1018,iHN637.CLJU_RS16295,146
1018,gene_1019,iHN637.CLJU_RS16355,389
1019,gene_1020,iHN637.CLJU_RS16390,205
1020,gene_1021,iHN637.CLJU_RS16395,190
1021,gene_1022,iHN637.CLJU_RS16525,423
1022,gene_1023,iHN637.CLJU_RS16615,583
1023,gene_1024,iHN637.CLJU_RS16620,149
1024,gene_1025,iHN637.CLJU_RS16855,188
1025,gene_1026,iHN637.CLJU_RS16970,363
1026,gene_1027,iHN637.CLJU_RS17040,241
1028,gene_1029,iHN637.CLJU_RS17105,717
1029,gene_1030,iHN637.CLJU_RS17225,142
1030,gene_1031,iHN637.CLJU_RS18285,260
1031,gene_1032,iHN637.CLJU_RS18300,573
1032,gene_1033,iHN637.CLJU_RS18325,289
1033,gene_1034,iHN637.CLJU_RS18335,474
1034,gene_1035,iHN637.CLJU_RS18460,156
1035,gene_1036,iHN637.CLJU_RS18530,204
1036,gene_1037,iHN637.CLJU_RS18535,118
1037,gene_1038,iHN637.CLJU_RS18540,775
1039,gene_1040,iHN637.CLJU_RS18940,452
1040,gene_1041,iHN637.CLJU_RS19255,557
1041,gene_1042,iHN637.CLJU_RS19265,247
1042,gene_1043,iHN637.CLJU_RS19270,431
1043,gene_1044,iHN637.CLJU_RS19425,152
1044,gene_1045,iHN637.CLJU_RS19615,197
1045,gene_1046,iHN637.CLJU_RS19680,456
1046,gene_1047,iHN637.CLJU_RS19905,495
1047,gene_1048,iHN637.CLJU_RS19915,361
1048,gene_1049,iHN637.CLJU_RS20455,150
1049,gene_1050,iHN637.CLJU_RS20465,188
1050,gene_1051,iHN637.CLJU_RS20535,191
1051,gene_1052,iHN637.CLJU_RS20580,284
1052,gene_1053,iHN637.CLJU_RS20665,172
1053,gene_1054,iHN637.CLJU_RS20735,252
1054,gene_1055,iHN637.CLJU_RS20740,277
1055,gene_1056,iHN637.CLJU_RS20745,469
1056,gene_1057,iHN637.CLJU_RS20755,79
1057,gene_1058,iHN637.CLJU_RS20760,412
1058,gene_1059,iHN637.CLJU_RS20765,223
1059,gene_1060,iHN637.CLJU_RS20770,157
1060,gene_1061,iHN637.CLJU_RS20775,341
1061,gene_1062,iHN637.CLJU_RS20780,227
1062,gene_1063,iHN637.CLJU_RS20860,439
1063,gene_1064,iHN637.CLJU_RS20885,315
1064,gene_1065,iIS312.TCDM_02343,695
1065,gene_1066,iIS312.TCDM_02681,77
1066,gene_1067,iIS312.TCDM_04758,122
1067,gene_1068,iIS312.TCDM_05295,74
1068,gene_1069,iIT341.HP0290,98
1069,gene_1070,iIT341.HP0364,275
1070,gene_1071,iIT341.HP0380,494
1071,gene_1072,iIT341.HP0574,83
1072,gene_1073,iIT341.HP0680,468
1073,gene_1074,iIT341.HP0687,55
1074,gene_1075,iIT341.HP0818,188
1075,gene_1076,iIT341.HP1038,124
1076,gene_1077,iIT341.HP1099,162
1077,gene_1078,iIT341.HP1132,52
1078,gene_1079,iIT341.HP1325,548
1079,gene_1080,iIT341.HP1552,250
1080,gene_1081,iIT341.HP1576,160
1081,gene_1082,iJN1463.PP_0060,385
1082,gene_1083,iJN1463.PP_0061,424
1083,gene_1084,iJN1463.PP_0067,157
1084,gene_1085,iJN1463.PP_0075,40
1085,gene_1086,iJN1463.PP_0077,145
1086,gene_1087,iJN1463.PP_0112,194
1087,gene_1088,iJN1463.PP_0113,171
1088,gene_1089,iJN1463.PP_0114,231
1089,gene_1090,iJN1463.PP_0118,87
1090,gene_1091,iJN1463.PP_0184,415
1091,gene_1092,iJN1463.PP_0219,157
1092,gene_1093,iJN1463.PP_0220,164
1093,gene_1094,iJN1463.PP_0225,248
1094,gene_1095,iJN1463.PP_0226,105
1095,gene_1096,iJN1463.PP_0227,104
1096,gene_1097,iJN1463.PP_0231,139
1097,gene_1098,iJN1463.PP_0232,73
1098,gene_1099,iJN1463.PP_0240,89
1099,gene_1100,iJN1463.PP_0283,244
1100,gene_1101,iJN1463.PP_0292,141
1101,gene_1102,iJN1463.PP_0293,293
1103,gene_1104,iJN1463.PP_0310,208
1104,gene_1105,iJN1463.PP_0411,267
1105,gene_1106,iJN1463.PP_0416,110
1106,gene_1107,iJN1463.PP_0432,267
1107,gene_1108,iJN1463.PP_0436,332
1108,gene_1109,iJN1463.PP_0437,93
1109,gene_1110,iJN1463.PP_0558,436
1110,gene_1111,iJN1463.PP_0601,94
1111,gene_1112,iJN1463.PP_0671,444
1112,gene_1113,iJN1463.PP_0675,495
1113,gene_1114,iJN1463.PP_0691,247
1114,gene_1115,iJN1463.PP_0722,262
1115,gene_1116,iJN1463.PP_0736,182
1116,gene_1117,iJN1463.PP_0817,228
1117,gene_1118,iJN1463.PP_0833,337
1119,gene_1120,iJN1463.PP_0878,209
1120,gene_1121,iJN1463.PP_0879,216
1121,gene_1122,iJN1463.PP_0881,178
1122,gene_1123,iJN1463.PP_0931,362
1123,gene_1124,iJN1463.PP_0964,354
1124,gene_1125,iJN1463.PP_0966,347
1125,gene_1126,iJN1463.PP_1024,155
1126,gene_1127,iJN1463.PP_1068,253
1127,gene_1128,iJN1463.PP_1075,551
1129,gene_1130,iJN1463.PP_1132,262
1130,gene_1131,iJN1463.PP_1137,248
1131,gene_1132,iJN1463.PP_1139,174
1132,gene_1133,iJN1463.PP_1200,299
1133,gene_1134,iJN1463.PP_1205,494
1134,gene_1135,iJN1463.PP_1237,239
1137,gene_1138,iJN1463.PP_1300,271
1138,gene_1139,iJN1463.PP_1323,121
1139,gene_1140,iJN1463.PP_1336,159
1140,gene_1141,iJN1463.PP_1337,163
1141,gene_1142,iJN1463.PP_1339,52
1142,gene_1143,iJN1463.PP_1346,259
1143,gene_1144,iJN1463.PP_1470,187
1144,gene_1145,iJN1463.PP_1484,112
1145,gene_1146,iJN1463.PP_1494,65
1147,gene_1148,iJN1463.PP_1610,567
1148,gene_1149,iJN1463.PP_1618,174
1149,gene_1150,iJN1463.PP_1645,51
1150,gene_1151,iJN1463.PP_1649,282
1152,gene_1153,iJN1463.PP_1665,285
1153,gene_1154,iJN1463.PP_1722,300
1154,gene_1155,iJN1463.PP_1755,524
1155,gene_1156,iJN1463.PP_1768,332
1156,gene_1157,iJN1463.PP_1778,87
1157,gene_1158,iJN1463.PP_1779,183
1158,gene_1159,iJN1463.PP_1783,356
1159,gene_1160,iJN1463.PP_1801,75
1160,gene_1161,iJN1463.PP_1805,127
1161,gene_1162,iJN1463.PP_1806,103
1162,gene_1163,iJN1463.PP_1815,153
1163,gene_1164,iJN1463.PP_1872,520
1165,gene_1166,iJN1463.PP_1915,42
1166,gene_1167,iJN1463.PP_1988,355
1167,gene_1168,iJN1463.PP_2008,232
1168,gene_1169,iJN1463.PP_2012,132
1169,gene_1170,iJN1463.PP_2112,762
1170,gene_1171,iJN1463.PP_2145,120
1171,gene_1172,iJN1463.PP_2179,102
1172,gene_1173,iJN1463.PP_2407,136
1174,gene_1175,iJN1463.PP_2428,249
1175,gene_1176,iJN1463.PP_2432,40
1177,gene_1178,iJN1463.PP_2458,194
1178,gene_1179,iJN1463.PP_2469,340
1179,gene_1180,iJN1463.PP_2659,266
1180,gene_1181,iJN1463.PP_2668,123
1181,gene_1182,iJN1463.PP_2774,102
1182,gene_1183,iJN1463.PP_2872,60
1183,gene_1184,iJN1463.PP_2905,394
1184,gene_1185,iJN1463.PP_3074,180
1185,gene_1186,iJN1463.PP_3178,263
1186,gene_1187,iJN1463.PP_3511,332
1187,gene_1188,iJN1463.PP_3597,269
1188,gene_1189,iJN1463.PP_3598,129
1189,gene_1190,iJN1463.PP_3817,105
1191,gene_1192,iJN1463.PP_3970,196
1192,gene_1193,iJN1463.PP_4029,110
1193,gene_1194,iJN1463.PP_4058,519
1194,gene_1195,iJN1463.PP_4059,194
1195,gene_1196,iJN1463.PP_4138,73
1196,gene_1197,iJN1463.PP_4150,216
1197,gene_1198,iJN1463.PP_4210,207
1198,gene_1199,iJN1463.PP_4213,65
1200,gene_1201,iJN1463.PP_4221,222
1202,gene_1203,iJN1463.PP_4284,282
1203,gene_1204,iJN1463.PP_4327,95
1205,gene_1206,iJN1463.PP_4474,665
1206,gene_1207,iJN1463.PP_4571,299
1207,gene_1208,iJN1463.PP_4639,80
1208,gene_1209,iJN1463.PP_4653,263
1209,gene_1210,iJN1463.PP_4678,379
1210,gene_1211,iJN1463.PP_4715,78
1211,gene_1212,iJN1463.PP_4723,1157
1212,gene_1213,iJN1463.PP_4803,145
1213,gene_1214,iJN1463.PP_4811,304
1214,gene_1215,iJN1463.PP_4823,367
1215,gene_1216,iJN1463.PP_4863,248
1216,gene_1217,iJN1463.PP_4865,165
1217,gene_1218,iJN1463.PP_4893,43
1218,gene_1219,iJN1463.PP_4903,98
1219,gene_1220,iJN1463.PP_4935,306
1220,gene_1221,iJN1463.PP_4943,94
1221,gene_1222,iJN1463.PP_4998,270
1222,gene_1223,iJN1463.PP_5013,172
1223,gene_1224,iJN1463.PP_5084,123
1224,gene_1225,iJN1463.PP_5095,126
1225,gene_1226,iJN1463.PP_5105,46
1226,gene_1227,iJN1463.PP_5123,138
1227,gene_1228,iJN1463.PP_5136,167
1228,gene_1229,iJN1463.PP_5137,118
1230,gene_1231,iJN1463.PP_5217,376
1231,gene_1232,iJN1463.PP_5256,68
1233,gene_1234,iJN1463.PP_5289,226
1234,gene_1235,iJN1463.PP_5291,186
1235,gene_1236,iJN1463.PP_5298,107
1236,gene_1237,iJN1463.PP_5326,276
1237,gene_1238,iJN1463.PP_5409,81
1238,gene_1239,iJN1463.PP_5413,54
1239,gene_1240,iLB1027_lipid.PHATRDRAFT_16693,60
1241,gene_1242,iLB1027_lipid.PHATRDRAFT_22568,103
1244,gene_1245,iLB1027_lipid.PHATRDRAFT_44546,143
1245,gene_1246,iLB1027_lipid.PHATRDRAFT_50577,266
1246,gene_1247,iLB1027_lipid.PHATRDRAFT_50964,41
1247,gene_1248,iLB1027_lipid.PHATRDRAFT_54086,559
1248,gene_1249,iLB1027_lipid.PHATRDRAFT_54738,84
1249,gene_1250,iLB1027_lipid.PHATRDRAFT_9348,155
1250,gene_1251,iLJ478.TM0025,377
1251,gene_1252,iLJ478.TM0057,357
1252,gene_1253,iLJ478.TM0058,216
1253,gene_1254,iLJ478.TM0059,171
1254,gene_1255,iLJ478.TM0067,277
1255,gene_1256,iLJ478.TM0076,590
1256,gene_1257,iLJ478.TM0168,825
1257,gene_1258,iLJ478.TM0201,495
1258,gene_1259,iLJ478.TM0239,181
1259,gene_1260,iLJ478.TM0240,348
1260,gene_1261,iLJ478.TM0269,42
1261,gene_1262,iLJ478.TM0272,857
1262,gene_1263,iLJ478.TM0274,355
1263,gene_1264,iLJ478.TM0293,317
1264,gene_1265,iLJ478.TM0295,208
1265,gene_1266,iLJ478.TM0296,167
1266,gene_1267,iLJ478.TM0343,293
1267,gene_1268,iLJ478.TM0446,169
1268,gene_1269,iLJ478.TM0478,328
1269,gene_1270,iLJ478.TM0492,209
1270,gene_1271,iLJ478.TM0514,531
1271,gene_1272,iLJ478.TM0539,433
1272,gene_1273,iLJ478.TM0548,557
1273,gene_1274,iLJ478.TM0550,385
1274,gene_1275,iLJ478.TM0551,563
1276,gene_1277,iLJ478.TM0557,1086
1277,gene_1278,iLJ478.TM0558,357
1278,gene_1279,iLJ478.TM0561,78
1279,gene_1280,iLJ478.TM0689,431
1280,gene_1281,iLJ478.TM0720,484
1281,gene_1282,iLJ478.TM0741,125
1282,gene_1283,iLJ478.TM0813,64
1283,gene_1284,iLJ478.TM0881,318
1284,gene_1285,iLJ478.TM0913,212
1285,gene_1286,iLJ478.TM1063,346
1286,gene_1287,iLJ478.TM1064,329
1287,gene_1288,iLJ478.TM1065,183
1288,gene_1289,iLJ478.TM1080,80
1289,gene_1290,iLJ478.TM1085,458
1290,gene_1291,iLJ478.TM1088,114
1291,gene_1292,iLJ478.TM1090,298
1292,gene_1293,iLJ478.TM1093,371
1293,gene_1294,iLJ478.TM1135,134
1294,gene_1295,iLJ478.TM1136,209
1295,gene_1296,iLJ478.TM1137,177
1296,gene_1297,iLJ478.TM1138,262
1297,gene_1298,iLJ478.TM1139,254
1298,gene_1299,iLJ478.TM1148,478
1299,gene_1300,iLJ478.TM1193,404
1300,gene_1301,iLJ478.TM1204,41
1302,gene_1303,iLJ478.TM1261,275
1303,gene_1304,iLJ478.TM1272,367
1304,gene_1305,iLJ478.TM1273,342
1305,gene_1306,iLJ478.TM1351,353
1306,gene_1307,iLJ478.TM1361,744
1307,gene_1308,iLJ478.TM1376,113
1308,gene_1309,iLJ478.TM1378,61
1309,gene_1310,iLJ478.TM1379,437
1310,gene_1311,iLJ478.TM1384,155
1311,gene_1312,iLJ478.TM1396,639
1312,gene_1313,iLJ478.TM1414,133
1313,gene_1314,iLJ478.TM1430,525
1314,gene_1315,iLJ478.TM1519,159
1315,gene_1316,iLJ478.TM1520,136
1316,gene_1317,iLJ478.TM1564,43
1317,gene_1318,iLJ478.TM1610,578
1318,gene_1319,iLJ478.TM1612,526
1319,gene_1320,iLJ478.TM1621,62
1320,gene_1321,iLJ478.TM1628,260
1322,gene_1323,iLJ478.TM1640,440
1323,gene_1324,iLJ478.TM1658,435
1324,gene_1325,iLJ478.TM1689,147
1325,gene_1326,iLJ478.TM1705,427
1326,gene_1327,iLJ478.TM1718,214
1327,gene_1328,iLJ478.TM1724,155
1328,gene_1329,iLJ478.TM1748,211
1329,gene_1330,iLJ478.TM1749,289
1330,gene_1331,iLJ478.TM1750,325
1331,gene_1332,iLJ478.TM1783,232
1332,gene_1333,iLJ478.TM1784,244
1333,gene_1334,iLJ478.TM1785,278
1334,gene_1335,iLJ478.TM1817,775
1335,gene_1336,iLJ478.TM1820,322
1336,gene_1337,iML1515.b0019,251
1337,gene_1338,iML1515.b0033,1153
1338,gene_1339,iML1515.b0049,51
1339,gene_1340,iML1515.b0089,160
1340,gene_1341,iML1515.b0151,151
1341,gene_1342,iML1515.b0155,150
1342,gene_1343,iML1515.b0175,103
1343,gene_1344,iML1515.b0199,238
1345,gene_1346,iML1515.b0242,270
1346,gene_1347,iML1515.b0268,122
1347,gene_1348,iML1515.b0273,357
1348,gene_1349,iML1515.b0344,383
1349,gene_1350,iML1515.b0355,47
1350,gene_1351,iML1515.b0367,136
1351,gene_1352,iML1515.b0381,223
1352,gene_1353,iML1515.b0401,103
1353,gene_1354,iML1515.b0446,80
1354,gene_1355,iML1515.b0459,100
1355,gene_1356,iML1515.b0469,164
1357,gene_1358,iML1515.b0543,39
1358,gene_1359,iML1515.b0585,41
1359,gene_1360,iML1515.b0588,160
1360,gene_1361,iML1515.b0624,67
1361,gene_1362,iML1515.b0650,274
1362,gene_1363,iML1515.b0651,135
1363,gene_1364,iML1515.b0652,270
1365,gene_1366,iML1515.b0675,48
1366,gene_1367,iML1515.b0755,300
1367,gene_1368,iML1515.b0759,380
1368,gene_1369,iML1515.b0766,90
1369,gene_1370,iML1515.b0809,257
1370,gene_1371,iML1515.b0811,102
1371,gene_1372,iML1515.b0813,48
1372,gene_1373,iML1515.b0822,80
1373,gene_1374,iML1515.b0826,75
1374,gene_1375,iML1515.b0829,204
1375,gene_1376,iML1515.b0830,124
1376,gene_1377,iML1515.b0831,246
1377,gene_1378,iML1515.b0844,89
1378,gene_1379,iML1515.b0855,97
1379,gene_1380,iML1515.b0860,109
1380,gene_1381,iML1515.b0863,108
1381,gene_1382,iML1515.b0902,178
1382,gene_1383,iML1515.b0903,878
1383,gene_1384,iML1515.b0904,159
1385,gene_1386,iML1515.b0914,286
1386,gene_1387,iML1515.b0936,56
1387,gene_1388,iML1515.b0968,42
1388,gene_1389,iML1515.b1010,68
1389,gene_1390,iML1515.b1011,68
1390,gene_1391,iML1515.b1069,88
1391,gene_1392,iML1515.b1091,231
1392,gene_1393,iML1515.b1092,140
1393,gene_1394,iML1515.b1093,221
1394,gene_1395,iML1515.b1103,104
1395,gene_1396,iML1515.b1246,298
1396,gene_1397,iML1515.b1247,199
1397,gene_1398,iML1515.b1276,753
1398,gene_1399,iML1515.b1281,149
1399,gene_1400,iML1515.b1298,101
1400,gene_1401,iML1515.b1317,75
1401,gene_1402,iML1515.b1380,268
1402,gene_1403,iML1515.b1441,113
1403,gene_1404,iML1515.b1483,206
1404,gene_1405,iML1515.b1486,192
1405,gene_1406,iML1515.b1528,241
1406,gene_1407,iML1515.b1599,40
1407,gene_1408,iML1515.b1600,38
1408,gene_1409,iML1515.b1601,61
1409,gene_1410,iML1515.b1611,531
1410,gene_1411,iML1515.b1617,152
1411,gene_1412,iML1515.b1655,69
1412,gene_1413,iML1515.b1680,296
1413,gene_1414,iML1515.b1682,181
1414,gene_1415,iML1515.b1711,137
1415,gene_1416,iML1515.b1727,95
1416,gene_1417,iML1515.b1736,56
1418,gene_1419,iML1515.b1761,479
1419,gene_1420,iML1515.b1817,125
1420,gene_1421,iML1515.b1819,267
1421,gene_1422,iML1515.b1821,119
1422,gene_1423,iML1515.b1850,161
1423,gene_1424,iML1515.b1858,93
1424,gene_1425,iML1515.b1917,255
1425,gene_1426,iML1515.b1918,100
1426,gene_1427,iML1515.b1920,110
1427,gene_1428,iML1515.b1927,402
1428,gene_1429,iML1515.b2021,162
1429,gene_1430,iML1515.b2039,372
1430,gene_1431,iML1515.b2047,125
1433,gene_1434,iML1515.b2169,65
1434,gene_1435,iML1515.b2201,87
1435,gene_1436,iML1515.b2254,142
1436,gene_1437,iML1515.b2290,506
1437,gene_1438,iML1515.b2291,161
1438,gene_1439,iML1515.b2293,77
1439,gene_1440,iML1515.b2379,225
1440,gene_1441,iML1515.b2400,165
1441,gene_1442,iML1515.b2411,504
1442,gene_1443,iML1515.b2417,115
1443,gene_1444,iML1515.b2492,146
1444,gene_1445,iML1515.b2499,284
1445,gene_1446,iML1515.b2551,436
1446,gene_1447,iML1515.b2582,89
1447,gene_1448,iML1515.b2690,73
1448,gene_1449,iML1515.b2700,95
1450,gene_1451,iML1515.b2715,260
1451,gene_1452,iML1515.b2716,605
1452,gene_1453,iML1515.b2799,377
1454,gene_1455,iML1515.b2954,147
1455,gene_1456,iML1515.b3011,206
1456,gene_1457,iML1515.b3012,216
1457,gene_1458,iML1515.b3040,72
1458,gene_1459,iML1515.b3114,859
1459,gene_1460,iML1515.b3124,252
1460,gene_1461,iML1515.b3137,150
1461,gene_1462,iML1515.b3201,114
1462,gene_1463,iML1515.b3248,134
1463,gene_1464,iML1515.b3256,435
1464,gene_1465,iML1515.b3291,53
1465,gene_1466,iML1515.b3385,73
1466,gene_1467,iML1515.b3389,202
1467,gene_1468,iML1515.b3390,90
1468,gene_1469,iML1515.b3396,117
1470,gene_1471,iML1515.b3428,508
1471,gene_1472,iML1515.b3432,523
1473,gene_1474,iML1515.b3454,235
1474,gene_1475,iML1515.b3456,164
1475,gene_1476,iML1515.b3540,217
1476,gene_1477,iML1515.b3541,221
1477,gene_1478,iML1515.b3543,182
1478,gene_1479,iML1515.b3544,120
1479,gene_1480,iML1515.b3590,81
1480,gene_1481,iML1515.b3599,555
1481,gene_1482,iML1515.b3607,138
1482,gene_1483,iML1515.b3610,37
1483,gene_1484,iML1515.b3634,132
1484,gene_1485,iML1515.b3642,188
1485,gene_1486,iML1515.b3697,112
1486,gene_1487,iML1515.b3713,72
1487,gene_1488,iML1515.b3722,93
1488,gene_1489,iML1515.b3725,278
1489,gene_1490,iML1515.b3731,65
1490,gene_1491,iML1515.b3732,60
1491,gene_1492,iML1515.b3747,274
1492,gene_1493,iML1515.b3749,95
1493,gene_1494,iML1515.b3751,46
1495,gene_1496,iML1515.b3781,100
1496,gene_1497,iML1515.b3789,361
1497,gene_1498,iML1515.b3791,495
1498,gene_1499,iML1515.b3826,84
1500,gene_1501,iML1515.b3926,546
1501,gene_1502,iML1515.b3946,138
1502,gene_1503,iML1515.b3951,806
1503,gene_1504,iML1515.b3952,210
1504,gene_1505,iML1515.b3992,72
1505,gene_1506,iML1515.b3996,118
1506,gene_1507,iML1515.b4005,370
1507,gene_1508,iML1515.b4006,469
1508,gene_1509,iML1515.b4013,290
1509,gene_1510,iML1515.b4035,38
1510,gene_1511,iML1515.b4090,179
1511,gene_1512,iML1515.b4093,70
1512,gene_1513,iML1515.b4095,167
1513,gene_1514,iML1515.b4098,320
1514,gene_1515,iML1515.b4099,222
1515,gene_1516,iML1515.b4129,449
1516,gene_1517,iML1515.b4167,146
1517,gene_1518,iML1515.b4173,262
1518,gene_1519,iML1515.b4237,112
1519,gene_1520,iML1515.b4238,410
1520,gene_1521,iML1515.b4239,511
1521,gene_1522,iML1515.b4240,434
1522,gene_1523,iML1515.b4254,352
1523,gene_1524,iML1515.b4266,227
1524,gene_1525,iML1515.b4287,151
1525,gene_1526,iML1515.b4298,117
1526,gene_1527,iML1515.b4388,47
1527,gene_1528,iML1515.b4392,84
1528,gene_1529,iMM1415.107272,321
1529,gene_1530,iMM1415.110006,152
1531,gene_1532,iMM1415.11303,117
1532,gene_1533,iMM1415.11428,704
1533,gene_1534,iMM1415.11431,85
1534,gene_1535,iMM1415.11881,56
1535,gene_1536,iMM1415.11946,506
1536,gene_1537,iMM1415.11947,560
1537,gene_1538,iMM1415.12091,359
1538,gene_1539,iMM1415.14450,379
1539,gene_1540,iMM1415.15487,96
1540,gene_1541,iMM1415.18195,135
1541,gene_1542,iMM1415.18648,285
1542,gene_1543,iMM1415.18670,220
1543,gene_1544,iMM1415.23945,42
1545,gene_1546,iMM1415.320685,146
1549,gene_1550,iMM1415.69215,92
1550,gene_1551,iMM1415.75456,258
1551,gene_1552,iMM1415.75572,44
1553,gene_1554,iMM904.YJR121W,556
1554,gene_1555,iMM904.YLR300W,82
1556,gene_1557,iMM904.YOR128C,159
1557,gene_1558,iMM904.YOR190W,95
1558,gene_1559,iNF517.LLMG_RS00415,63
1559,gene_1560,iNF517.LLMG_RS00430,208
1560,gene_1561,iNF517.LLMG_RS00605,565
1561,gene_1562,iNF517.LLMG_RS00665,359
1562,gene_1563,iNF517.LLMG_RS00670,51
1563,gene_1564,iNF517.LLMG_RS00675,430
1564,gene_1565,iNF517.LLMG_RS00750,393
1565,gene_1566,iNF517.LLMG_RS00755,449
1566,gene_1567,iNF517.LLMG_RS00920,545
1567,gene_1568,iNF517.LLMG_RS01005,218
1568,gene_1569,iNF517.LLMG_RS01055,467
1569,gene_1570,iNF517.LLMG_RS01090,362
1570,gene_1571,iNF517.LLMG_RS01095,186
1571,gene_1572,iNF517.LLMG_RS01105,496
1572,gene_1573,iNF517.LLMG_RS01465,403
1573,gene_1574,iNF517.LLMG_RS01625,204
1574,gene_1575,iNF517.LLMG_RS01635,90
1575,gene_1576,iNF517.LLMG_RS01995,468
1578,gene_1579,iNF517.LLMG_RS02290,379
1580,gene_1581,iNF517.LLMG_RS02785,371
1581,gene_1582,iNF517.LLMG_RS02930,462
1582,gene_1583,iNF517.LLMG_RS02940,308
1584,gene_1585,iNF517.LLMG_RS03215,524
1585,gene_1586,iNF517.LLMG_RS03315,376
1586,gene_1587,iNF517.LLMG_RS03735,443
1587,gene_1588,iNF517.LLMG_RS03755,377
1588,gene_1589,iNF517.LLMG_RS03760,292
1589,gene_1590,iNF517.LLMG_RS03765,317
1590,gene_1591,iNF517.LLMG_RS03835,119
1591,gene_1592,iNF517.LLMG_RS03870,487
1592,gene_1593,iNF517.LLMG_RS03890,50
1593,gene_1594,iNF517.LLMG_RS04390,538
1594,gene_1595,iNF517.LLMG_RS04395,540
1595,gene_1596,iNF517.LLMG_RS04410,479
1596,gene_1597,iNF517.LLMG_RS04420,105
1597,gene_1598,iNF517.LLMG_RS04530,307
1598,gene_1599,iNF517.LLMG_RS04645,401
1599,gene_1600,iNF517.LLMG_RS04880,167
1600,gene_1601,iNF517.LLMG_RS04970,175
1601,gene_1602,iNF517.LLMG_RS05020,276
1602,gene_1603,iNF517.LLMG_RS05055,460
1603,gene_1604,iNF517.LLMG_RS05125,546
1604,gene_1605,iNF517.LLMG_RS05390,179
1605,gene_1606,iNF517.LLMG_RS05650,197
1606,gene_1607,iNF517.LLMG_RS05670,290
1607,gene_1608,iNF517.LLMG_RS05980,326
1608,gene_1609,iNF517.LLMG_RS05995,336
1609,gene_1610,iNF517.LLMG_RS06000,501
1610,gene_1611,iNF517.LLMG_RS06045,158
1611,gene_1612,iNF517.LLMG_RS06160,301
1612,gene_1613,iNF517.LLMG_RS06165,233
1613,gene_1614,iNF517.LLMG_RS06170,62
1614,gene_1615,iNF517.LLMG_RS06195,171
1615,gene_1616,iNF517.LLMG_RS06200,352
1616,gene_1617,iNF517.LLMG_RS06475,375
1617,gene_1618,iNF517.LLMG_RS06665,170
1618,gene_1619,iNF517.LLMG_RS07185,252
1619,gene_1620,iNF517.LLMG_RS07195,91
1620,gene_1621,iNF517.LLMG_RS07395,171
1622,gene_1623,iNF517.LLMG_RS07670,189
1624,gene_1625,iNF517.LLMG_RS08170,173
1625,gene_1626,iNF517.LLMG_RS08455,223
1627,gene_1628,iNF517.LLMG_RS08555,114
1628,gene_1629,iNF517.LLMG_RS08760,267
1629,gene_1630,iNF517.LLMG_RS08890,281
1630,gene_1631,iNF517.LLMG_RS08925,263
1631,gene_1632,iNF517.LLMG_RS08930,457
1632,gene_1633,iNF517.LLMG_RS08935,93
1633,gene_1634,iNF517.LLMG_RS08950,142
1634,gene_1635,iNF517.LLMG_RS08955,148
1635,gene_1636,iNF517.LLMG_RS08960,45
1636,gene_1637,iNF517.LLMG_RS08965,221
1637,gene_1638,iNF517.LLMG_RS08975,273
1639,gene_1640,iNF517.LLMG_RS09290,186
1640,gene_1641,iNF517.LLMG_RS09360,386
1641,gene_1642,iNF517.LLMG_RS09365,657
1642,gene_1643,iNF517.LLMG_RS09380,360
1644,gene_1645,iNF517.LLMG_RS09495,269
1645,gene_1646,iNF517.LLMG_RS09500,258
1646,gene_1647,iNF517.LLMG_RS09505,276
1647,gene_1648,iNF517.LLMG_RS09510,202
1648,gene_1649,iNF517.LLMG_RS09515,214
1650,gene_1651,iNF517.LLMG_RS09700,192
1651,gene_1652,iNF517.LLMG_RS09715,94
1652,gene_1653,iNF517.LLMG_RS09720,262
1653,gene_1654,iNF517.LLMG_RS09735,600
1654,gene_1655,iNF517.LLMG_RS09745,531
1655,gene_1656,iNF517.LLMG_RS09755,55
1656,gene_1657,iNF517.LLMG_RS09765,35
1657,gene_1658,iNF517.LLMG_RS09915,271
1658,gene_1659,iNF517.LLMG_RS09965,204
1659,gene_1660,iNF517.LLMG_RS10005,191
1660,gene_1661,iNF517.LLMG_RS10355,117
1661,gene_1662,iNF517.LLMG_RS10835,301
1662,gene_1663,iNF517.LLMG_RS10940,259
1663,gene_1664,iNF517.LLMG_RS11055,458
1664,gene_1665,iNF517.LLMG_RS11185,63
1665,gene_1666,iNF517.LLMG_RS11210,115
1666,gene_1667,iNF517.LLMG_RS11240,177
1667,gene_1668,iNF517.LLMG_RS11535,158
1668,gene_1669,iNF517.LLMG_RS11835,186
1669,gene_1670,iNF517.LLMG_RS11965,382
1670,gene_1671,iNF517.LLMG_RS12010,113
1672,gene_1673,iNF517.LLMG_RS12440,250
1673,gene_1674,iNF517.LLMG_RS12530,221
1674,gene_1675,iNF517.LLMG_RS12755,394
1675,gene_1676,iPC815.YPO0006,285
1676,gene_1677,iPC815.YPO0045,186
1677,gene_1678,iPC815.YPO0048,278
1678,gene_1679,iPC815.YPO0145,120
1679,gene_1680,iPC815.YPO0152,207
1680,gene_1681,iPC815.YPO0241,154
1681,gene_1682,iPC815.YPO0452,86
1682,gene_1683,iPC815.YPO0470,239
1683,gene_1684,iPC815.YPO0482,1140
1684,gene_1685,iPC815.YPO0490,48
1685,gene_1686,iPC815.YPO0521,57
1686,gene_1687,iPC815.YPO0532,325
1687,gene_1688,iPC815.YPO0556,323
1688,gene_1689,iPC815.YPO0616,119
1689,gene_1690,iPC815.YPO0676,188
1690,gene_1691,iPC815.YPO0888,435
1691,gene_1692,iPC815.YPO0945,150
1692,gene_1693,iPC815.YPO1073,236
1693,gene_1694,iPC815.YPO1106,122
1694,gene_1695,iPC815.YPO1133,295
1695,gene_1696,iPC815.YPO1139,395
1696,gene_1697,iPC815.YPO1198,104
1697,gene_1698,iPC815.YPO1298,67
1698,gene_1699,iPC815.YPO1332,153
1699,gene_1700,iPC815.YPO1351,109
1700,gene_1701,iPC815.YPO1379,414
1701,gene_1702,iPC815.YPO1381,184
1702,gene_1703,iPC815.YPO1383,863
1703,gene_1704,iPC815.YPO1384,150
1704,gene_1705,iPC815.YPO1389,312
1705,gene_1706,iPC815.YPO1395,288
1706,gene_1707,iPC815.YPO1581,293
1707,gene_1708,iPC815.YPO1598,137
1709,gene_1710,iPC815.YPO1756,270
1710,gene_1711,iPC815.YPO1757,239
1711,gene_1712,iPC815.YPO1758,93
1712,gene_1713,iPC815.YPO1913,271
1713,gene_1714,iPC815.YPO1914,275
1714,gene_1715,iPC815.YPO2067,157
1715,gene_1716,iPC815.YPO2221,756
1716,gene_1717,iPC815.YPO2227,160
1718,gene_1719,iPC815.YPO2329,276
1719,gene_1720,iPC815.YPO2512,102
1720,gene_1721,iPC815.YPO2514,257
1721,gene_1722,iPC815.YPO2539,212
1722,gene_1723,iPC815.YPO2559,166
1723,gene_1724,iPC815.YPO2612,262
1724,gene_1725,iPC815.YPO2635,40
1725,gene_1726,iPC815.YPO2828,301
1726,gene_1727,iPC815.YPO2830,43
1727,gene_1728,iPC815.YPO2984,346
1728,gene_1729,iPC815.YPO2995,108
1729,gene_1730,iPC815.YPO3073,398
1730,gene_1731,iPC815.YPO3123,163
1731,gene_1732,iPC815.YPO3172,78
1733,gene_1734,iPC815.YPO3221,309
1734,gene_1735,iPC815.YPO3222,272
1736,gene_1737,iPC815.YPO3305,637
1738,gene_1739,iPC815.YPO3388,161
1739,gene_1740,iPC815.YPO3392,149
1740,gene_1741,iPC815.YPO3411,41
1741,gene_1742,iPC815.YPO3446,343
1742,gene_1743,iPC815.YPO3454,402
1743,gene_1744,iPC815.YPO3455,109
1744,gene_1745,iPC815.YPO3569,358
1745,gene_1746,iPC815.YPO3576,184
1746,gene_1747,iPC815.YPO3658,428
1747,gene_1748,iPC815.YPO3696,463
1748,gene_1749,iPC815.YPO3697,434
1749,gene_1750,iPC815.YPO3712,37
1750,gene_1751,iPC815.YPO3728,466
1751,gene_1752,iPC815.YPO3729,384
1752,gene_1753,iPC815.YPO3743,233
1753,gene_1754,iPC815.YPO3804,239
1754,gene_1755,iPC815.YPO3806,164
1755,gene_1756,iPC815.YPO3820,43
1756,gene_1757,iPC815.YPO3859,511
1757,gene_1758,iPC815.YPO3861,363
1758,gene_1759,iPC815.YPO3868,90
1759,gene_1760,iPC815.YPO3938,513
1760,gene_1761,iPC815.YPO3942,534
1761,gene_1762,iPC815.YPO3971,479
1762,gene_1763,iPC815.YPO3980,252
1763,gene_1764,iPC815.YPO3999,209
1764,gene_1765,iPC815.YPO4000,226
1765,gene_1766,iPC815.YPO4003,122
1766,gene_1767,iPC815.YPO4068,558
1767,gene_1768,iPC815.YPO4071,400
1768,gene_1769,iPC815.YPO4072,388
1769,gene_1770,iPC815.YPO4114,284
1770,gene_1771,iPC815.YPO4121,59
1771,gene_1772,iSDY_1059.SDY_0018,250
1772,gene_1773,iSDY_1059.SDY_0055,1150
1773,gene_1774,iSDY_1059.SDY_0074,48
1774,gene_1775,iSDY_1059.SDY_0121,317
1775,gene_1776,iSDY_1059.SDY_0167,150
1776,gene_1777,iSDY_1059.SDY_0171,150
1777,gene_1778,iSDY_1059.SDY_0213,486
1778,gene_1779,iSDY_1059.SDY_0218,238
1779,gene_1780,iSDY_1059.SDY_0278,398
1780,gene_1781,iSDY_1059.SDY_0365,217
1781,gene_1782,iSDY_1059.SDY_0378,83
1782,gene_1783,iSDY_1059.SDY_0450,164
1783,gene_1784,iSDY_1059.SDY_0460,106
1784,gene_1785,iSDY_1059.SDY_0474,278
1785,gene_1786,iSDY_1059.SDY_0513,41
1786,gene_1787,iSDY_1059.SDY_0519,160
1787,gene_1788,iSDY_1059.SDY_0702,296
1788,gene_1789,iSDY_1059.SDY_0706,384
1790,gene_1791,iSDY_1059.SDY_0756,246
1791,gene_1792,iSDY_1059.SDY_0757,124
1792,gene_1793,iSDY_1059.SDY_0758,204
1793,gene_1794,iSDY_1059.SDY_0761,75
1795,gene_1796,iSDY_1059.SDY_0785,103
1796,gene_1797,iSDY_1059.SDY_0787,253
1797,gene_1798,iSDY_1059.SDY_0877,86
1798,gene_1799,iSDY_1059.SDY_0943,42
1799,gene_1800,iSDY_1059.SDY_0985,67
1800,gene_1801,iSDY_1059.SDY_1025,184
1801,gene_1802,iSDY_1059.SDY_1088,404
1802,gene_1803,iSDY_1059.SDY_1136,159
1803,gene_1804,iSDY_1059.SDY_1145,92
1804,gene_1805,iSDY_1059.SDY_1304,301
1805,gene_1806,iSDY_1059.SDY_1305,199
1806,gene_1807,iSDY_1059.SDY_1357,153
1807,gene_1808,iSDY_1059.SDY_1464,264
1808,gene_1809,iSDY_1059.SDY_1514,475
1809,gene_1810,iSDY_1059.SDY_1553,39
1810,gene_1811,iSDY_1059.SDY_1709,83
1811,gene_1812,iSDY_1059.SDY_1733,112
1812,gene_1813,iSDY_1059.SDY_1806,138
1813,gene_1814,iSDY_1059.SDY_1827,535
1814,gene_1815,iSDY_1059.SDY_1913,181
1815,gene_1816,iSDY_1059.SDY_2057,221
1816,gene_1817,iSDY_1059.SDY_2059,227
1817,gene_1818,iSDY_1059.SDY_2083,89
1818,gene_1819,iSDY_1059.SDY_2181,116
1819,gene_1820,iSDY_1059.SDY_2206,375
1820,gene_1821,iSDY_1059.SDY_2220,159
1821,gene_1822,iSDY_1059.SDY_2317,65
1822,gene_1823,iSDY_1059.SDY_2320,57
1823,gene_1824,iSDY_1059.SDY_2344,278
1824,gene_1825,iSDY_1059.SDY_2354,301
1825,gene_1826,iSDY_1059.SDY_2357,160
1826,gene_1827,iSDY_1059.SDY_2358,878
1827,gene_1828,iSDY_1059.SDY_2359,178
1828,gene_1829,iSDY_1059.SDY_2368,417
1830,gene_1831,iSDY_1059.SDY_2486,507
1831,gene_1832,iSDY_1059.SDY_2487,160
1832,gene_1833,iSDY_1059.SDY_2558,372
1835,gene_1836,iSDY_1059.SDY_2608,518
1836,gene_1837,iSDY_1059.SDY_2614,114
1837,gene_1838,iSDY_1059.SDY_2681,146
1838,gene_1839,iSDY_1059.SDY_2688,285
1839,gene_1840,iSDY_1059.SDY_2887,73
1840,gene_1841,iSDY_1059.SDY_2893,665
1841,gene_1842,iSDY_1059.SDY_2912,608
1842,gene_1843,iSDY_1059.SDY_3016,383
1844,gene_1845,iSDY_1059.SDY_3118,147
1845,gene_1846,iSDY_1059.SDY_3192,445
1846,gene_1847,iSDY_1059.SDY_3200,71
1847,gene_1848,iSDY_1059.SDY_3306,859
1848,gene_1849,iSDY_1059.SDY_3318,251
1849,gene_1850,iSDY_1059.SDY_3382,112
1850,gene_1851,iSDY_1059.SDY_3433,435
1851,gene_1852,iSDY_1059.SDY_3464,166
1852,gene_1853,iSDY_1059.SDY_3574,508
1853,gene_1854,iSDY_1059.SDY_3578,520
1854,gene_1855,iSDY_1059.SDY_3603,233
1855,gene_1856,iSDY_1059.SDY_3605,165
1856,gene_1857,iSDY_1059.SDY_3682,117
1857,gene_1858,iSDY_1059.SDY_3689,90
1858,gene_1859,iSDY_1059.SDY_3690,206
1859,gene_1860,iSDY_1059.SDY_3694,75
1860,gene_1861,iSDY_1059.SDY_3701,380
1861,gene_1862,iSDY_1059.SDY_3720,470
1862,gene_1863,iSDY_1059.SDY_3721,374
1863,gene_1864,iSDY_1059.SDY_3730,117
1864,gene_1865,iSDY_1059.SDY_3734,70
1866,gene_1867,iSDY_1059.SDY_3786,797
1867,gene_1868,iSDY_1059.SDY_3787,209
1868,gene_1869,iSDY_1059.SDY_3818,548
1870,gene_1871,iSDY_1059.SDY_3917,84
1871,gene_1872,iSDY_1059.SDY_3957,521
1872,gene_1873,iSDY_1059.SDY_3959,358
1873,gene_1874,iSDY_1059.SDY_3968,95
1874,gene_1875,iSDY_1059.SDY_3995,165
1875,gene_1876,iSDY_1059.SDY_4016,60
1876,gene_1877,iSDY_1059.SDY_4017,63
1877,gene_1878,iSDY_1059.SDY_4025,278
1878,gene_1879,iSDY_1059.SDY_4040,139
1879,gene_1880,iSDY_1059.SDY_4043,40
1880,gene_1881,iSDY_1059.SDY_4064,134
1882,gene_1883,iSDY_1059.SDY_4073,189
1883,gene_1884,iSDY_1059.SDY_4256,113
1884,gene_1885,iSDY_1059.SDY_4257,408
1885,gene_1886,iSDY_1059.SDY_4258,508
1886,gene_1887,iSDY_1059.SDY_4259,430
1887,gene_1888,iSDY_1059.SDY_4276,353
1888,gene_1889,iSDY_1059.SDY_4317,398
1889,gene_1890,iSDY_1059.SDY_4344,390
1890,gene_1891,iSDY_1059.SDY_4345,407
1891,gene_1892,iSDY_1059.SDY_4563,218
1892,gene_1893,iSDY_1059.SDY_4564,218
1893,gene_1894,iSDY_1059.SDY_4566,182
1894,gene_1895,iSDY_1059.SDY_4567,119
1895,gene_1896,iSDY_1059.SDY_4649,47
1896,gene_1897,iSDY_1059.SDY_4653,84
1897,gene_1898,iSF_1195.SF0016,252
1898,gene_1899,iSF_1195.SF0030,1152
1899,gene_1900,iSF_1195.SF0046,48
1900,gene_1901,iSF_1195.SF0143,149
1901,gene_1902,iSF_1195.SF0147,149
1902,gene_1903,iSF_1195.SF0165,103
1903,gene_1904,iSF_1195.SF0185,488
1904,gene_1905,iSF_1195.SF0190,235
1905,gene_1906,iSF_1195.SF0232,223
1906,gene_1907,iSF_1195.SF0251,139
1907,gene_1908,iSF_1195.SF0292,270
1908,gene_1909,iSF_1195.SF0414,164
1909,gene_1910,iSF_1195.SF0457,397
1910,gene_1911,iSF_1195.SF0497,40
1911,gene_1912,iSF_1195.SF0502,152
1912,gene_1913,iSF_1195.SF0538,90
1913,gene_1914,iSF_1195.SF0545,384
1914,gene_1915,iSF_1195.SF0549,300
1915,gene_1916,iSF_1195.SF0566,91
1916,gene_1917,iSF_1195.SF0629,270
1917,gene_1918,iSF_1195.SF0630,134
1918,gene_1919,iSF_1195.SF0760,256
1919,gene_1920,iSF_1195.SF0762,94
1920,gene_1921,iSF_1195.SF0764,50
1921,gene_1922,iSF_1195.SF0772,80
1922,gene_1923,iSF_1195.SF0776,75
1923,gene_1924,iSF_1195.SF0779,198
1924,gene_1925,iSF_1195.SF0780,121
1925,gene_1926,iSF_1195.SF0781,244
1926,gene_1927,iSF_1195.SF0809,97
1927,gene_1928,iSF_1195.SF0814,106
1928,gene_1929,iSF_1195.SF0817,108
1929,gene_1930,iSF_1195.SF0852,421
1930,gene_1931,iSF_1195.SF0897,178
1931,gene_1932,iSF_1195.SF0898,877
1932,gene_1933,iSF_1195.SF0899,155
1933,gene_1934,iSF_1195.SF0910,286
1934,gene_1935,iSF_1195.SF0935,56
1935,gene_1936,iSF_1195.SF0969,42
1936,gene_1937,iSF_1195.SF1013,66
1937,gene_1938,iSF_1195.SF1014,70
1938,gene_1939,iSF_1195.SF1075,81
1939,gene_1940,iSF_1195.SF1095,229
1940,gene_1941,iSF_1195.SF1096,137
1941,gene_1942,iSF_1195.SF1097,219
1942,gene_1943,iSF_1195.SF1247,301
1943,gene_1944,iSF_1195.SF1248,199
1944,gene_1945,iSF_1195.SF1280,753
1945,gene_1946,iSF_1195.SF1409,267
1946,gene_1947,iSF_1195.SF1411,98
1947,gene_1948,iSF_1195.SF1489,139
1948,gene_1949,iSF_1195.SF1490,56
1949,gene_1950,iSF_1195.SF1520,141
1950,gene_1951,iSF_1195.SF1566,241
1951,gene_1952,iSF_1195.SF1620,38
1952,gene_1953,iSF_1195.SF1621,39
1953,gene_1954,iSF_1195.SF1634,528
1954,gene_1955,iSF_1195.SF1712,180
1955,gene_1956,iSF_1195.SF1814,268
1956,gene_1957,iSF_1195.SF1860,161
1957,gene_1958,iSF_1195.SF1867,93
1958,gene_1959,iSF_1195.SF1970,402
1959,gene_1960,iSF_1195.SF2083,162
1960,gene_1961,iSF_1195.SF2102,370
1961,gene_1962,iSF_1195.SF2179,116
1962,gene_1963,iSF_1195.SF2254,65
1963,gene_1964,iSF_1195.SF2285,94
1964,gene_1965,iSF_1195.SF2333,144
1965,gene_1966,iSF_1195.SF2366,506
1966,gene_1967,iSF_1195.SF2367,162
1967,gene_1968,iSF_1195.SF2430,369
1968,gene_1969,iSF_1195.SF2445,226
1969,gene_1970,iSF_1195.SF2462,157
1970,gene_1971,iSF_1195.SF2466,517
1971,gene_1972,iSF_1195.SF2472,115
1972,gene_1973,iSF_1195.SF2521,233
1974,gene_1975,iSF_1195.SF2543,285
1975,gene_1976,iSF_1195.SF2598,436
1976,gene_1977,iSF_1195.SF2644,89
1977,gene_1978,iSF_1195.SF2720,668
1978,gene_1979,iSF_1195.SF2813,378
1979,gene_1980,iSF_1195.SF2876,446
1980,gene_1981,iSF_1195.SF2945,160
1981,gene_1982,iSF_1195.SF3080,74
1982,gene_1983,iSF_1195.SF3154,857
1983,gene_1984,iSF_1195.SF3161,257
1984,gene_1985,iSF_1195.SF3168,147
1985,gene_1986,iSF_1195.SF3169,118
1986,gene_1987,iSF_1195.SF3171,78
1987,gene_1988,iSF_1195.SF3175,112
1988,gene_1989,iSF_1195.SF3176,166
1990,gene_1991,iSF_1195.SF3237,105
1991,gene_1992,iSF_1195.SF3241,112
1992,gene_1993,iSF_1195.SF3294,430
1993,gene_1994,iSF_1195.SF3319,165
1994,gene_1995,iSF_1195.SF3403,70
1995,gene_1996,iSF_1195.SF3407,199
1996,gene_1997,iSF_1195.SF3408,90
1997,gene_1998,iSF_1195.SF3414,120
1999,gene_2000,iSF_1195.SF3455,520
2000,gene_2001,iSF_1195.SF3472,235
2001,gene_2002,iSF_1195.SF3474,165
2002,gene_2003,iSF_1195.SF3575,219
2003,gene_2004,iSF_1195.SF3576,221
2004,gene_2005,iSF_1195.SF3578,180
2005,gene_2006,iSF_1195.SF3579,119
2006,gene_2007,iSF_1195.SF3602,408
2007,gene_2008,iSF_1195.SF3603,395
2008,gene_2009,iSF_1195.SF3633,551
2009,gene_2010,iSF_1195.SF3646,138
2010,gene_2011,iSF_1195.SF3673,130
2011,gene_2012,iSF_1195.SF3681,189
2012,gene_2013,iSF_1195.SF3730,284
2013,gene_2014,iSF_1195.SF3733,384
2014,gene_2015,iSF_1195.SF3811,65
2015,gene_2016,iSF_1195.SF3812,56
2016,gene_2017,iSF_1195.SF3828,273
2018,gene_2019,iSF_1195.SF3854,95
2019,gene_2020,iSF_1195.SF3863,361
2020,gene_2021,iSF_1195.SF3865,494
2021,gene_2022,iSF_1195.SF3904,83
2022,gene_2023,iSF_1195.SF3913,161
2023,gene_2024,iSF_1195.SF4028,804
2024,gene_2025,iSF_1195.SF4029,201
2025,gene_2026,iSF_1195.SF4068,121
2026,gene_2027,iSF_1195.SF4077,371
2027,gene_2028,iSF_1195.SF4078,469
2028,gene_2029,iSF_1195.SF4088,385
2029,gene_2030,iSF_1195.SF4170,38
2030,gene_2031,iSF_1195.SF4235,369
2031,gene_2032,iSF_1195.SF4250,429
2032,gene_2033,iSF_1195.SF4251,482
2033,gene_2034,iSF_1195.SF4252,406
2034,gene_2035,iSF_1195.SF4253,113
2035,gene_2036,iSF_1195.SF4382,54
2036,gene_2037,iSF_1195.SF4420,42
2037,gene_2038,iSF_1195.SF4424,83
2038,gene_2039,iSSON_1240.SSON_0021,253
2039,gene_2040,iSSON_1240.SSON_0038,1150
2040,gene_2041,iSSON_1240.SSON_0057,48
2041,gene_2042,iSSON_1240.SSON_0073,52
2042,gene_2043,iSSON_1240.SSON_0163,149
2043,gene_2044,iSSON_1240.SSON_0167,150
2044,gene_2045,iSSON_1240.SSON_0187,103
2045,gene_2046,iSSON_1240.SSON_0208,489
2046,gene_2047,iSSON_1240.SSON_0213,237
2048,gene_2049,iSSON_1240.SSON_0284,278
2049,gene_2050,iSSON_1240.SSON_0285,300
2050,gene_2051,iSSON_1240.SSON_0299,80
2051,gene_2052,iSSON_1240.SSON_0334,49
2052,gene_2053,iSSON_1240.SSON_0345,140
2053,gene_2054,iSSON_1240.SSON_0356,221
2054,gene_2055,iSSON_1240.SSON_0378,103
2055,gene_2056,iSSON_1240.SSON_0434,80
2056,gene_2057,iSSON_1240.SSON_0446,106
2057,gene_2058,iSSON_1240.SSON_0456,164
2058,gene_2059,iSSON_1240.SSON_0492,399
2059,gene_2060,iSSON_1240.SSON_0535,42
2060,gene_2061,iSSON_1240.SSON_0539,157
2061,gene_2062,iSSON_1240.SSON_0604,275
2062,gene_2063,iSSON_1240.SSON_0605,135
2063,gene_2064,iSSON_1240.SSON_0606,270
2065,gene_2066,iSSON_1240.SSON_0682,95
2066,gene_2067,iSSON_1240.SSON_0707,300
2067,gene_2068,iSSON_1240.SSON_0711,381
2068,gene_2069,iSSON_1240.SSON_0789,256
2069,gene_2070,iSSON_1240.SSON_0791,95
2070,gene_2071,iSSON_1240.SSON_0793,48
2071,gene_2072,iSSON_1240.SSON_0804,81
2072,gene_2073,iSSON_1240.SSON_0808,73
2073,gene_2074,iSSON_1240.SSON_0811,204
2074,gene_2075,iSSON_1240.SSON_0812,122
2075,gene_2076,iSSON_1240.SSON_0813,244
2076,gene_2077,iSSON_1240.SSON_0840,96
2077,gene_2078,iSSON_1240.SSON_0845,107
2078,gene_2079,iSSON_1240.SSON_0848,108
2079,gene_2080,iSSON_1240.SSON_0894,416
2080,gene_2081,iSSON_1240.SSON_0903,178
2081,gene_2082,iSSON_1240.SSON_0904,879
2082,gene_2083,iSSON_1240.SSON_0905,160
2083,gene_2084,iSSON_1240.SSON_0916,286
2084,gene_2085,iSSON_1240.SSON_0939,57
2085,gene_2086,iSSON_1240.SSON_0973,42
2086,gene_2087,iSSON_1240.SSON_1030,72
2087,gene_2088,iSSON_1240.SSON_1089,81
2088,gene_2089,iSSON_1240.SSON_1111,231
2089,gene_2090,iSSON_1240.SSON_1112,137
2090,gene_2091,iSSON_1240.SSON_1113,221
2092,gene_2093,iSSON_1240.SSON_1283,95
2093,gene_2094,iSSON_1240.SSON_1298,161
2094,gene_2095,iSSON_1240.SSON_1341,267
2095,gene_2096,iSSON_1240.SSON_1343,98
2098,gene_2099,iSSON_1240.SSON_1395,474
2099,gene_2100,iSSON_1240.SSON_1422,60
2100,gene_2101,iSSON_1240.SSON_1447,137
2101,gene_2102,iSSON_1240.SSON_1474,183
2102,gene_2103,iSSON_1240.SSON_1476,296
2103,gene_2104,iSSON_1240.SSON_1549,536
2104,gene_2105,iSSON_1240.SSON_1560,39
2105,gene_2106,iSSON_1240.SSON_1561,40
2106,gene_2107,iSSON_1240.SSON_1600,242
2107,gene_2108,iSSON_1240.SSON_1638,192
2108,gene_2109,iSSON_1240.SSON_1696,113
2109,gene_2110,iSSON_1240.SSON_1744,273
2110,gene_2111,iSSON_1240.SSON_1842,105
2111,gene_2112,iSSON_1240.SSON_1859,152
2112,gene_2113,iSSON_1240.SSON_1864,722
2113,gene_2114,iSSON_1240.SSON_1934,303
2114,gene_2115,iSSON_1240.SSON_1983,404
2115,gene_2116,iSSON_1240.SSON_2092,176
2117,gene_2118,iSSON_1240.SSON_2163,116
2118,gene_2119,iSSON_1240.SSON_2225,65
2119,gene_2120,iSSON_1240.SSON_2259,86
2120,gene_2121,iSSON_1240.SSON_2315,145
2121,gene_2122,iSSON_1240.SSON_2347,506
2122,gene_2123,iSSON_1240.SSON_2348,165
2123,gene_2124,iSSON_1240.SSON_2454,369
2124,gene_2125,iSSON_1240.SSON_2470,228
2125,gene_2126,iSSON_1240.SSON_2491,165
2126,gene_2127,iSSON_1240.SSON_2500,501
2127,gene_2128,iSSON_1240.SSON_2506,115
2130,gene_2131,iSSON_1240.SSON_2581,285
2131,gene_2132,iSSON_1240.SSON_2634,436
2134,gene_2135,iSSON_1240.SSON_2834,73
2135,gene_2136,iSSON_1240.SSON_2841,666
2136,gene_2137,iSSON_1240.SSON_2859,258
2137,gene_2138,iSSON_1240.SSON_2886,106
2138,gene_2139,iSSON_1240.SSON_2956,378
2139,gene_2140,iSSON_1240.SSON_3025,393
2140,gene_2141,iSSON_1240.SSON_3043,446
2141,gene_2142,iSSON_1240.SSON_3108,160
2142,gene_2143,iSSON_1240.SSON_3155,179
2143,gene_2144,iSSON_1240.SSON_3177,72
2144,gene_2145,iSSON_1240.SSON_3271,858
2145,gene_2146,iSSON_1240.SSON_3279,254
2146,gene_2147,iSSON_1240.SSON_3349,114
2147,gene_2148,iSSON_1240.SSON_3397,438
2148,gene_2149,iSSON_1240.SSON_3428,166
2149,gene_2150,iSSON_1240.SSON_3516,73
2150,gene_2151,iSSON_1240.SSON_3520,207
2151,gene_2152,iSSON_1240.SSON_3521,90
2152,gene_2153,iSSON_1240.SSON_3527,117
2153,gene_2154,iSSON_1240.SSON_3672,523
2154,gene_2155,iSSON_1240.SSON_3692,243
2155,gene_2156,iSSON_1240.SSON_3694,162
2156,gene_2157,iSSON_1240.SSON_3707,43
2157,gene_2158,iSSON_1240.SSON_3764,184
2158,gene_2159,iSSON_1240.SSON_3767,270
2159,gene_2160,iSSON_1240.SSON_3773,131
2160,gene_2161,iSSON_1240.SSON_3782,96
2161,gene_2162,iSSON_1240.SSON_3795,37
2162,gene_2163,iSSON_1240.SSON_3798,142
2163,gene_2164,iSSON_1240.SSON_3809,552
2164,gene_2165,iSSON_1240.SSON_3829,390
2165,gene_2166,iSSON_1240.SSON_3830,396
2166,gene_2167,iSSON_1240.SSON_3846,120
2167,gene_2168,iSSON_1240.SSON_3847,182
2168,gene_2169,iSSON_1240.SSON_3849,221
2169,gene_2170,iSSON_1240.SSON_3850,299
2170,gene_2171,iSSON_1240.SSON_3887,60
2171,gene_2172,iSSON_1240.SSON_3888,63
2172,gene_2173,iSSON_1240.SSON_3909,278
2173,gene_2174,iSSON_1240.SSON_3912,93
2174,gene_2175,iSSON_1240.SSON_3917,275
2175,gene_2176,iSSON_1240.SSON_3922,171
2176,gene_2177,iSSON_1240.SSON_3952,95
2177,gene_2178,iSSON_1240.SSON_3961,358
2178,gene_2179,iSSON_1240.SSON_3963,498
2179,gene_2180,iSSON_1240.SSON_4000,89
2180,gene_2181,iSSON_1240.SSON_4095,546
2182,gene_2183,iSSON_1240.SSON_4165,72
2183,gene_2184,iSSON_1240.SSON_4169,118
2184,gene_2185,iSSON_1240.SSON_4178,374
2185,gene_2186,iSSON_1240.SSON_4179,469
2186,gene_2187,iSSON_1240.SSON_4213,38
2187,gene_2188,iSSON_1240.SSON_4418,114
2188,gene_2189,iSSON_1240.SSON_4419,411
2189,gene_2190,iSSON_1240.SSON_4420,483
2190,gene_2191,iSSON_1240.SSON_4421,437
2191,gene_2192,iSSON_1240.SSON_4436,368
2192,gene_2193,iSSON_1240.SSON_4451,229
2193,gene_2194,iSSON_1240.SSON_4497,53
2194,gene_2195,iSSON_1240.SSON_4538,47
2195,gene_2196,iSSON_1240.SSON_4542,83
2196,gene_2197,iSbBS512_1146.SbBS512_E0019,253
2197,gene_2198,iSbBS512_1146.SbBS512_E0037,1153
2198,gene_2199,iSbBS512_1146.SbBS512_E0043,51
2199,gene_2200,iSbBS512_1146.SbBS512_E0059,53
2200,gene_2201,iSbBS512_1146.SbBS512_E0143,150
2201,gene_2202,iSbBS512_1146.SbBS512_E0147,149
2203,gene_2204,iSbBS512_1146.SbBS512_E0188,489
2204,gene_2205,iSbBS512_1146.SbBS512_E0193,237
2205,gene_2206,iSbBS512_1146.SbBS512_E0239,270
2207,gene_2208,iSbBS512_1146.SbBS512_E0280,136
2208,gene_2209,iSbBS512_1146.SbBS512_E0298,221
2209,gene_2210,iSbBS512_1146.SbBS512_E0369,48
2210,gene_2211,iSbBS512_1146.SbBS512_E0391,98
2211,gene_2212,iSbBS512_1146.SbBS512_E0401,164
2212,gene_2213,iSbBS512_1146.SbBS512_E0448,399
2213,gene_2214,iSbBS512_1146.SbBS512_E0486,42
2214,gene_2215,iSbBS512_1146.SbBS512_E0489,150
2215,gene_2216,iSbBS512_1146.SbBS512_E0598,151
2216,gene_2217,iSbBS512_1146.SbBS512_E0599,273
2217,gene_2218,iSbBS512_1146.SbBS512_E0676,300
2218,gene_2219,iSbBS512_1146.SbBS512_E0680,380
2219,gene_2220,iSbBS512_1146.SbBS512_E0687,103
2220,gene_2221,iSbBS512_1146.SbBS512_E0740,87
2221,gene_2222,iSbBS512_1146.SbBS512_E0794,65
2222,gene_2223,iSbBS512_1146.SbBS512_E0856,116
2223,gene_2224,iSbBS512_1146.SbBS512_E0954,95
2224,gene_2225,iSbBS512_1146.SbBS512_E1057,400
2225,gene_2226,iSbBS512_1146.SbBS512_E1194,375
2226,gene_2227,iSbBS512_1146.SbBS512_E1211,161
2227,gene_2228,iSbBS512_1146.SbBS512_E1415,302
2228,gene_2229,iSbBS512_1146.SbBS512_E1416,198
2229,gene_2230,iSbBS512_1146.SbBS512_E1618,273
2230,gene_2231,iSbBS512_1146.SbBS512_E1677,242
2231,gene_2232,iSbBS512_1146.SbBS512_E1746,205
2232,gene_2233,iSbBS512_1146.SbBS512_E1785,40
2233,gene_2234,iSbBS512_1146.SbBS512_E1786,39
2234,gene_2235,iSbBS512_1146.SbBS512_E1796,536
2235,gene_2236,iSbBS512_1146.SbBS512_E1881,295
2236,gene_2237,iSbBS512_1146.SbBS512_E2014,479
2237,gene_2238,iSbBS512_1146.SbBS512_E2083,125
2238,gene_2239,iSbBS512_1146.SbBS512_E2085,267
2239,gene_2240,iSbBS512_1146.SbBS512_E2125,161
2240,gene_2241,iSbBS512_1146.SbBS512_E2231,221
2241,gene_2242,iSbBS512_1146.SbBS512_E2232,143
2242,gene_2243,iSbBS512_1146.SbBS512_E2233,231
2243,gene_2244,iSbBS512_1146.SbBS512_E2257,81
2244,gene_2245,iSbBS512_1146.SbBS512_E2346,42
2245,gene_2246,iSbBS512_1146.SbBS512_E2382,58
2246,gene_2247,iSbBS512_1146.SbBS512_E2410,278
2247,gene_2248,iSbBS512_1146.SbBS512_E2421,302
2248,gene_2249,iSbBS512_1146.SbBS512_E2424,160
2249,gene_2250,iSbBS512_1146.SbBS512_E2425,878
2250,gene_2251,iSbBS512_1146.SbBS512_E2426,178
2251,gene_2252,iSbBS512_1146.SbBS512_E2435,417
2252,gene_2253,iSbBS512_1146.SbBS512_E2468,108
2253,gene_2254,iSbBS512_1146.SbBS512_E2471,109
2254,gene_2255,iSbBS512_1146.SbBS512_E2476,149
2255,gene_2256,iSbBS512_1146.SbBS512_E2517,242
2256,gene_2257,iSbBS512_1146.SbBS512_E2518,122
2257,gene_2258,iSbBS512_1146.SbBS512_E2519,204
2258,gene_2259,iSbBS512_1146.SbBS512_E2522,75
2259,gene_2260,iSbBS512_1146.SbBS512_E2535,47
2260,gene_2261,iSbBS512_1146.SbBS512_E2537,100
2261,gene_2262,iSbBS512_1146.SbBS512_E2539,257
2262,gene_2263,iSbBS512_1146.SbBS512_E2666,506
2263,gene_2264,iSbBS512_1146.SbBS512_E2667,159
2264,gene_2265,iSbBS512_1146.SbBS512_E2748,227
2265,gene_2266,iSbBS512_1146.SbBS512_E2763,115
2266,gene_2267,iSbBS512_1146.SbBS512_E2779,165
2269,gene_2270,iSbBS512_1146.SbBS512_E2873,285
2271,gene_2272,iSbBS512_1146.SbBS512_E2916,436
2273,gene_2274,iSbBS512_1146.SbBS512_E3180,667
2274,gene_2275,iSbBS512_1146.SbBS512_E3234,251
2275,gene_2276,iSbBS512_1146.SbBS512_E3243,858
2276,gene_2277,iSbBS512_1146.SbBS512_E3288,438
2277,gene_2278,iSbBS512_1146.SbBS512_E3309,446
2278,gene_2279,iSbBS512_1146.SbBS512_E3386,160
2279,gene_2280,iSbBS512_1146.SbBS512_E3440,230
2280,gene_2281,iSbBS512_1146.SbBS512_E3472,74
2281,gene_2282,iSbBS512_1146.SbBS512_E3569,114
2282,gene_2283,iSbBS512_1146.SbBS512_E3573,103
2283,gene_2284,iSbBS512_1146.SbBS512_E3672,166
2284,gene_2285,iSbBS512_1146.SbBS512_E3750,77
2286,gene_2287,iSbBS512_1146.SbBS512_E3762,75
2287,gene_2288,iSbBS512_1146.SbBS512_E3766,200
2288,gene_2289,iSbBS512_1146.SbBS512_E3767,95
2289,gene_2290,iSbBS512_1146.SbBS512_E3773,117
2290,gene_2291,iSbBS512_1146.SbBS512_E3798,498
2291,gene_2292,iSbBS512_1146.SbBS512_E3866,164
2292,gene_2293,iSbBS512_1146.SbBS512_E3868,235
2293,gene_2294,iSbBS512_1146.SbBS512_E3892,518
2294,gene_2295,iSbBS512_1146.SbBS512_E3965,390
2295,gene_2296,iSbBS512_1146.SbBS512_E3966,407
2296,gene_2297,iSbBS512_1146.SbBS512_E4016,552
2297,gene_2298,iSbBS512_1146.SbBS512_E4035,142
2298,gene_2299,iSbBS512_1146.SbBS512_E4038,40
2299,gene_2300,iSbBS512_1146.SbBS512_E4050,90
2300,gene_2301,iSbBS512_1146.SbBS512_E4059,130
2301,gene_2302,iSbBS512_1146.SbBS512_E4067,188
2302,gene_2303,iSbBS512_1146.SbBS512_E4130,492
2303,gene_2304,iSbBS512_1146.SbBS512_E4132,363
2304,gene_2305,iSbBS512_1146.SbBS512_E4140,100
2306,gene_2307,iSbBS512_1146.SbBS512_E4173,275
2307,gene_2308,iSbBS512_1146.SbBS512_E4189,60
2308,gene_2309,iSbBS512_1146.SbBS512_E4190,66
2309,gene_2310,iSbBS512_1146.SbBS512_E4203,278
2310,gene_2311,iSbBS512_1146.SbBS512_E4293,87
2311,gene_2312,iSbBS512_1146.SbBS512_E4408,550
2313,gene_2314,iSbBS512_1146.SbBS512_E4437,805
2314,gene_2315,iSbBS512_1146.SbBS512_E4438,208
2315,gene_2316,iSbBS512_1146.SbBS512_E4487,118
2316,gene_2317,iSbBS512_1146.SbBS512_E4496,370
2317,gene_2318,iSbBS512_1146.SbBS512_E4498,469
2319,gene_2320,iSbBS512_1146.SbBS512_E4829,366
2320,gene_2321,iSbBS512_1146.SbBS512_E4843,438
2321,gene_2322,iSbBS512_1146.SbBS512_E4844,481
2322,gene_2323,iSbBS512_1146.SbBS512_E4846,410
2323,gene_2324,iSbBS512_1146.SbBS512_E4847,113
2324,gene_2325,iSbBS512_1146.SbBS512_E4888,53
2325,gene_2326,iSbBS512_1146.SbBS512_E4935,47
2326,gene_2327,iSbBS512_1146.SbBS512_E4940,84
2327,gene_2328,iSynCJ816.SGL_RS01940,163
2328,gene_2329,iSynCJ816.SGL_RS02240,155
2329,gene_2330,iSynCJ816.SGL_RS02645,55
2330,gene_2331,iSynCJ816.SGL_RS02675,511
2331,gene_2332,iSynCJ816.SGL_RS02695,38
2332,gene_2333,iSynCJ816.SGL_RS02895,350
2333,gene_2334,iSynCJ816.SGL_RS02940,41
2334,gene_2335,iSynCJ816.SGL_RS03010,415
2335,gene_2336,iSynCJ816.SGL_RS03075,86
2336,gene_2337,iSynCJ816.SGL_RS03410,251
2337,gene_2338,iSynCJ816.SGL_RS04160,1449
2338,gene_2339,iSynCJ816.SGL_RS04690,454
2339,gene_2340,iSynCJ816.SGL_RS04875,280
2340,gene_2341,iSynCJ816.SGL_RS05125,46
2341,gene_2342,iSynCJ816.SGL_RS05525,47
2342,gene_2343,iSynCJ816.SGL_RS05565,248
2343,gene_2344,iSynCJ816.SGL_RS05605,716
2344,gene_2345,iSynCJ816.SGL_RS05665,397
2345,gene_2346,iSynCJ816.SGL_RS05700,459
2346,gene_2347,iSynCJ816.SGL_RS05885,239
2347,gene_2348,iSynCJ816.SGL_RS06095,130
2348,gene_2349,iSynCJ816.SGL_RS06105,120
2349,gene_2350,iSynCJ816.SGL_RS06370,317
2350,gene_2351,iSynCJ816.SGL_RS06545,432
2351,gene_2352,iSynCJ816.SGL_RS07090,103
2352,gene_2353,iSynCJ816.SGL_RS07100,507
2353,gene_2354,iSynCJ816.SGL_RS07160,392
2354,gene_2355,iSynCJ816.SGL_RS07245,136
2355,gene_2356,iSynCJ816.SGL_RS07645,160
2356,gene_2357,iSynCJ816.SGL_RS07665,96
2357,gene_2358,iSynCJ816.SGL_RS08250,166
2358,gene_2359,iSynCJ816.SGL_RS08405,270
2359,gene_2360,iSynCJ816.SGL_RS08610,47
2360,gene_2361,iSynCJ816.SGL_RS08770,43
2361,gene_2362,iSynCJ816.SGL_RS09235,165
2362,gene_2363,iSynCJ816.SGL_RS09310,72
2363,gene_2364,iSynCJ816.SGL_RS09325,238
2364,gene_2365,iSynCJ816.SGL_RS09375,347
2365,gene_2366,iSynCJ816.SGL_RS09640,115
2366,gene_2367,iSynCJ816.SGL_RS09705,565
2367,gene_2368,iSynCJ816.SGL_RS09710,59
2368,gene_2369,iSynCJ816.SGL_RS09950,198
2369,gene_2370,iSynCJ816.SGL_RS10105,163
2370,gene_2371,iSynCJ816.SGL_RS10250,277
2371,gene_2372,iSynCJ816.SGL_RS10355,86
2372,gene_2373,iSynCJ816.SGL_RS10805,597
2373,gene_2374,iSynCJ816.SGL_RS10865,375
2374,gene_2375,iSynCJ816.SGL_RS10925,562
2375,gene_2376,iSynCJ816.SGL_RS10930,790
2376,gene_2377,iSynCJ816.SGL_RS11780,388
2377,gene_2378,iSynCJ816.SGL_RS11925,614
2378,gene_2379,iSynCJ816.SGL_RS12175,300
2379,gene_2380,iSynCJ816.SGL_RS12260,43
2380,gene_2381,iSynCJ816.SGL_RS12820,556
2381,gene_2382,iSynCJ816.SGL_RS12850,499
2382,gene_2383,iSynCJ816.SGL_RS13120,466
2383,gene_2384,iSynCJ816.SGL_RS13180,81
2384,gene_2385,iSynCJ816.SGL_RS13380,265
2385,gene_2386,iSynCJ816.SGL_RS13460,369
2386,gene_2387,iSynCJ816.SGL_RS13465,507
2387,gene_2388,iSynCJ816.SGL_RS13490,232
2388,gene_2389,iSynCJ816.SGL_RS13520,550
2389,gene_2390,iSynCJ816.SGL_RS13580,360
2390,gene_2391,iSynCJ816.SGL_RS13900,66
2391,gene_2392,iSynCJ816.SGL_RS13980,449
2393,gene_2394,iSynCJ816.SGL_RS14120,202
2394,gene_2395,iSynCJ816.SGL_RS14185,270
2395,gene_2396,iSynCJ816.SGL_RS14530,1198
2396,gene_2397,iSynCJ816.SGL_RS14865,238
2397,gene_2398,iSynCJ816.SGL_RS14955,56
2398,gene_2399,iSynCJ816.SGL_RS15085,242
2399,gene_2400,iSynCJ816.SGL_RS15145,286
2400,gene_2401,iSynCJ816.SGL_RS15265,288
2401,gene_2402,iSynCJ816.SGL_RS15330,155
2402,gene_2403,iSynCJ816.SGL_RS15395,202
2404,gene_2405,iSynCJ816.SGL_RS15740,186
2405,gene_2406,iSynCJ816.SGL_RS15845,359
2406,gene_2407,iSynCJ816.SGL_RS16080,47
2407,gene_2408,iSynCJ816.SGL_RS16100,613
2408,gene_2409,iSynCJ816.SGL_RS16150,159
2409,gene_2410,iSynCJ816.SGL_RS16190,82
2410,gene_2411,iSynCJ816.SGL_RS16270,598
2411,gene_2412,iSynCJ816.SGL_RS16525,68
2412,gene_2413,iSynCJ816.SGL_RS16580,75
2413,gene_2414,iSynCJ816.SGL_RS16640,47
2414,gene_2415,iSynCJ816.SGL_RS16695,73
2415,gene_2416,iSynCJ816.SGL_RS16700,243
2416,gene_2417,iSynCJ816.SGL_RS16805,160
2417,gene_2418,iSynCJ816.SGL_RS16920,300
2418,gene_2419,iSynCJ816.SGL_RS17055,172
2419,gene_2420,iSynCJ816.SGL_RS17160,88
2420,gene_2421,iSynCJ816.SGL_RS17200,372
2421,gene_2422,iSynCJ816.SGL_RS17215,369
2422,gene_2423,iSynCJ816.SGL_RS17225,138
2423,gene_2424,iSynCJ816.SGL_RS17385,263
2424,gene_2425,iSynCJ816.SGL_RS17390,313
2425,gene_2426,iSynCJ816.SGL_RS17655,39
2426,gene_2427,iSynCJ816.SGL_RS17805,201
2427,gene_2428,iSynCJ816.SGL_RS18250,256
2428,gene_2429,iSynCJ816.SGL_RS18375,77
2429,gene_2430,iYL1228.KPN_00016,251
2430,gene_2431,iYL1228.KPN_00041,1161
2431,gene_2432,iYL1228.KPN_00095,323
2432,gene_2433,iYL1228.KPN_00166,150
2433,gene_2434,iYL1228.KPN_00170,149
2434,gene_2435,iYL1228.KPN_00188,105
2435,gene_2436,iYL1228.KPN_00208,493
2436,gene_2437,iYL1228.KPN_00213,242
2437,gene_2438,iYL1228.KPN_00214,122
2438,gene_2439,iYL1228.KPN_00281,262
2439,gene_2440,iYL1228.KPN_00313,137
2440,gene_2441,iYL1228.KPN_00323,212
2442,gene_2443,iYL1228.KPN_00408,55
2443,gene_2444,iYL1228.KPN_00440,111
2444,gene_2445,iYL1228.KPN_00451,159
2445,gene_2446,iYL1228.KPN_00482,395
2446,gene_2447,iYL1228.KPN_00502,447
2447,gene_2448,iYL1228.KPN_00507,83
2448,gene_2449,iYL1228.KPN_00513,234
2449,gene_2450,iYL1228.KPN_00514,328
2450,gene_2451,iYL1228.KPN_00606,145
2451,gene_2452,iYL1228.KPN_00678,269
2453,gene_2454,iYL1228.KPN_00768,289
2454,gene_2455,iYL1228.KPN_00773,387
2455,gene_2456,iYL1228.KPN_00838,256
2456,gene_2457,iYL1228.KPN_00840,93
2457,gene_2458,iYL1228.KPN_00852,95
2458,gene_2459,iYL1228.KPN_00856,84
2459,gene_2460,iYL1228.KPN_00862,204
2460,gene_2461,iYL1228.KPN_00863,123
2461,gene_2462,iYL1228.KPN_00864,242
2462,gene_2463,iYL1228.KPN_00886,97
2463,gene_2464,iYL1228.KPN_00893,102
2464,gene_2465,iYL1228.KPN_00896,114
2465,gene_2466,iYL1228.KPN_00925,422
2466,gene_2467,iYL1228.KPN_00930,179
2467,gene_2468,iYL1228.KPN_00931,879
2468,gene_2469,iYL1228.KPN_00932,157
2469,gene_2470,iYL1228.KPN_00941,288
2470,gene_2471,iYL1228.KPN_00969,76
2471,gene_2472,iYL1228.KPN_00972,52
2472,gene_2473,iYL1228.KPN_01020,113
2473,gene_2474,iYL1228.KPN_01089,225
2474,gene_2475,iYL1228.KPN_01091,134
2475,gene_2476,iYL1228.KPN_01132,112
2476,gene_2477,iYL1228.KPN_01195,60
2477,gene_2478,iYL1228.KPN_01210,481
2478,gene_2479,iYL1228.KPN_01272,745
2479,gene_2480,iYL1228.KPN_01449,281
2480,gene_2481,iYL1228.KPN_01517,530
2481,gene_2482,iYL1228.KPN_01603,102
2482,gene_2483,iYL1228.KPN_01610,76
2483,gene_2484,iYL1228.KPN_01628,262
2484,gene_2485,iYL1228.KPN_01912,131
2486,gene_2487,iYL1228.KPN_02169,155
2487,gene_2488,iYL1228.KPN_02194,296
2488,gene_2489,iYL1228.KPN_02322,90
2489,gene_2490,iYL1228.KPN_02333,96
2490,gene_2491,iYL1228.KPN_02335,150
2491,gene_2492,iYL1228.KPN_02364,50
2492,gene_2493,iYL1228.KPN_02365,156
2493,gene_2494,iYL1228.KPN_02373,89
2494,gene_2495,iYL1228.KPN_02419,395
2495,gene_2496,iYL1228.KPN_02477,155
2496,gene_2497,iYL1228.KPN_02490,378
2497,gene_2498,iYL1228.KPN_02496,378
2498,gene_2499,iYL1228.KPN_02560,114
2499,gene_2500,iYL1228.KPN_02600,68
2500,gene_2501,iYL1228.KPN_02681,164
2501,gene_2502,iYL1228.KPN_02750,157
2502,gene_2503,iYL1228.KPN_02758,507
2503,gene_2504,iYL1228.KPN_02763,427
2504,gene_2505,iYL1228.KPN_02764,119
2505,gene_2506,iYL1228.KPN_02823,112
2506,gene_2507,iYL1228.KPN_02824,298
2507,gene_2508,iYL1228.KPN_02833,317
2508,gene_2509,iYL1228.KPN_02905,91
2509,gene_2510,iYL1228.KPN_03029,676
2510,gene_2511,iYL1228.KPN_03043,107
2511,gene_2512,iYL1228.KPN_03125,194
2512,gene_2513,iYL1228.KPN_03150,372
2513,gene_2514,iYL1228.KPN_03190,42
2514,gene_2515,iYL1228.KPN_03318,441
2515,gene_2516,iYL1228.KPN_03388,143
2516,gene_2517,iYL1228.KPN_03432,210
2517,gene_2518,iYL1228.KPN_03453,69
2518,gene_2519,iYL1228.KPN_03494,377
2519,gene_2520,iYL1228.KPN_03536,254
2520,gene_2521,iYL1228.KPN_03543,160
2521,gene_2522,iYL1228.KPN_03549,62
2522,gene_2523,iYL1228.KPN_03550,257
2523,gene_2524,iYL1228.KPN_03599,353
2525,gene_2526,iYL1228.KPN_03665,444
2526,gene_2527,iYL1228.KPN_03688,160
2527,gene_2528,iYL1228.KPN_03760,204
2528,gene_2529,iYL1228.KPN_03761,90
2529,gene_2530,iYL1228.KPN_03767,120
2531,gene_2532,iYL1228.KPN_03794,516
2532,gene_2533,iYL1228.KPN_03798,520
2534,gene_2535,iYL1228.KPN_03816,236
2535,gene_2536,iYL1228.KPN_03818,164
2536,gene_2537,iYL1228.KPN_03835,42
2538,gene_2539,iYL1228.KPN_03895,214
2539,gene_2540,iYL1228.KPN_03896,228
2540,gene_2541,iYL1228.KPN_03898,179
2541,gene_2542,iYL1228.KPN_03899,118
2542,gene_2543,iYL1228.KPN_03922,417
2543,gene_2544,iYL1228.KPN_03923,396
2544,gene_2545,iYL1228.KPN_03942,540
2545,gene_2546,iYL1228.KPN_03951,137
2546,gene_2547,iYL1228.KPN_03974,125
2547,gene_2548,iYL1228.KPN_03979,276
2548,gene_2549,iYL1228.KPN_03983,187
2549,gene_2550,iYL1228.KPN_04011,551
2550,gene_2551,iYL1228.KPN_04130,281
2551,gene_2552,iYL1228.KPN_04136,63
2552,gene_2553,iYL1228.KPN_04137,55
2553,gene_2554,iYL1228.KPN_04152,277
2554,gene_2555,iYL1228.KPN_04154,91
2555,gene_2556,iYL1228.KPN_04156,45
2556,gene_2557,iYL1228.KPN_04157,178
2557,gene_2558,iYL1228.KPN_04203,296
2558,gene_2559,iYL1228.KPN_04282,96
2559,gene_2560,iYL1228.KPN_04289,369
2560,gene_2561,iYL1228.KPN_04378,118
2561,gene_2562,iYL1228.KPN_04387,374
2562,gene_2563,iYL1228.KPN_04388,467
2563,gene_2564,iYL1228.KPN_04394,289
2564,gene_2565,iYL1228.KPN_04424,75
2565,gene_2566,iYL1228.KPN_04645,113
2566,gene_2567,iYL1228.KPN_04646,407
2567,gene_2568,iYL1228.KPN_04651,507
2568,gene_2569,iYL1228.KPN_04652,418
2569,gene_2570,iYL1228.KPN_04659,347
2570,gene_2571,iYL1228.KPN_04786,52
2571,gene_2572,iYL1228.KPN_04843,39
2572,gene_2573,iYL1228.KPN_04847,81
2573,gene_2574,iYO844.BSU00180,154
2574,gene_2575,iYO844.BSU00380,461
2575,gene_2576,iYO844.BSU00510,272
2576,gene_2577,iYO844.BSU00680,193
2577,gene_2578,iYO844.BSU00910,172
2578,gene_2579,iYO844.BSU00920,349
2579,gene_2580,iYO844.BSU00930,140
2580,gene_2581,iYO844.BSU01370,205
2581,gene_2582,iYO844.BSU01770,395
2582,gene_2583,iYO844.BSU02750,144
2583,gene_2584,iYO844.BSU02860,88
2585,gene_2586,iYO844.BSU03590,255
2586,gene_2587,iYO844.BSU03600,87
2587,gene_2588,iYO844.BSU03790,276
2588,gene_2589,iYO844.BSU03860,57
2589,gene_2590,iYO844.BSU04570,194
2590,gene_2591,iYO844.BSU04640,226
2591,gene_2592,iYO844.BSU05820,61
2592,gene_2593,iYO844.BSU05860,263
2593,gene_2594,iYO844.BSU06160,232
2594,gene_2595,iYO844.BSU06170,172
2595,gene_2596,iYO844.BSU06360,568
2596,gene_2597,iYO844.BSU06440,404
2597,gene_2598,iYO844.BSU06490,456
2598,gene_2599,iYO844.BSU06520,479
2599,gene_2600,iYO844.BSU06530,368
2600,gene_2601,iYO844.BSU07490,153
2601,gene_2602,iYO844.BSU07810,520
2602,gene_2603,iYO844.BSU09240,77
2603,gene_2604,iYO844.BSU09290,507
2604,gene_2605,iYO844.BSU09310,408
2605,gene_2606,iYO844.BSU09530,145
2606,gene_2607,iYO844.BSU09540,63
2607,gene_2608,iYO844.BSU10270,247
2608,gene_2609,iYO844.BSU11220,272
2609,gene_2610,iYO844.BSU11250,96
2610,gene_2611,iYO844.BSU11340,407
2612,gene_2613,iYO844.BSU12020,296
2613,gene_2614,iYO844.BSU12840,185
2614,gene_2615,iYO844.BSU12940,228
2615,gene_2616,iYO844.BSU12950,311
2616,gene_2617,iYO844.BSU12960,125
2617,gene_2618,iYO844.BSU13130,315
2618,gene_2619,iYO844.BSU13580,228
2619,gene_2620,iYO844.BSU13900,64
2620,gene_2621,iYO844.BSU13910,451
2621,gene_2622,iYO844.BSU13960,233
2622,gene_2623,iYO844.BSU14180,160
2623,gene_2624,iYO844.BSU14390,265
2625,gene_2626,iYO844.BSU15190,256
2626,gene_2627,iYO844.BSU15220,165
2627,gene_2628,iYO844.BSU15230,178
2628,gene_2629,iYO844.BSU15480,345
2629,gene_2630,iYO844.BSU15530,118
2630,gene_2631,iYO844.BSU15540,235
2631,gene_2632,iYO844.BSU15650,612
2632,gene_2633,iYO844.BSU15700,290
2633,gene_2634,iYO844.BSU15790,217
2634,gene_2635,iYO844.BSU15860,184
2635,gene_2636,iYO844.BSU15900,155
2636,gene_2637,iYO844.BSU15910,224
2637,gene_2638,iYO844.BSU16540,104
2638,gene_2639,iYO844.BSU16550,277
2639,gene_2640,iYO844.BSU16750,295
2640,gene_2641,iYO844.BSU16920,110
2641,gene_2642,iYO844.BSU17410,73
2642,gene_2643,iYO844.BSU17680,204
2643,gene_2644,iYO844.BSU18000,711
2644,gene_2645,iYO844.BSU18250,86
2645,gene_2646,iYO844.BSU18450,1394
2647,gene_2648,iYO844.BSU21870,557
2648,gene_2649,iYO844.BSU21910,298
2649,gene_2650,iYO844.BSU22780,208
2650,gene_2651,iYO844.BSU23380,103
2651,gene_2652,iYO844.BSU23490,150
2652,gene_2653,iYO844.BSU23580,258
2653,gene_2654,iYO844.BSU23610,136
2654,gene_2655,iYO844.BSU23960,253
2656,gene_2657,iYO844.BSU24340,451
2657,gene_2658,iYO844.BSU24950,275
2658,gene_2659,iYO844.BSU24960,254
2659,gene_2660,iYO844.BSU24970,241
2660,gene_2661,iYO844.BSU24990,217
2661,gene_2662,iYO844.BSU25300,50
2662,gene_2663,iYO844.BSU25310,72
2663,gene_2664,iYO844.BSU26970,182
2664,gene_2665,iYO844.BSU27060,91
2665,gene_2666,iYO844.BSU27430,266
2666,gene_2667,iYO844.BSU27440,125
2667,gene_2668,iYO844.BSU27450,77
2668,gene_2669,iYO844.BSU27460,100
2669,gene_2670,iYO844.BSU27600,597
2670,gene_2671,iYO844.BSU27610,160
2671,gene_2672,iYO844.BSU28270,338
2672,gene_2673,iYO844.BSU28290,369
2673,gene_2674,iYO844.BSU29050,237
2674,gene_2675,iYO844.BSU29180,422
2675,gene_2676,iYO844.BSU29220,461
2676,gene_2677,iYO844.BSU29340,84
2677,gene_2678,iYO844.BSU29440,453
2678,gene_2679,iYO844.BSU29450,407
2679,gene_2680,iYO844.BSU29600,114
2680,gene_2681,iYO844.BSU29990,271
2681,gene_2682,iYO844.BSU30280,129
2682,gene_2683,iYO844.BSU30290,127
2683,gene_2684,iYO844.BSU30410,45
2684,gene_2685,iYO844.BSU30420,159
2685,gene_2686,iYO844.BSU30450,98
2686,gene_2687,iYO844.BSU30550,449
2687,gene_2688,iYO844.BSU30560,527
2688,gene_2689,iYO844.BSU30940,671
2689,gene_2690,iYO844.BSU30950,429
2690,gene_2691,iYO844.BSU30970,380
2691,gene_2692,iYO844.BSU30980,562
2692,gene_2693,iYO844.BSU31350,245
2693,gene_2694,iYO844.BSU32260,197
2694,gene_2695,iYO844.BSU32500,40
2695,gene_2696,iYO844.BSU32510,63
2696,gene_2697,iYO844.BSU32750,223
2697,gene_2698,iYO844.BSU33040,562
2698,gene_2699,iYO844.BSU33160,152
2699,gene_2700,iYO844.BSU33290,151
2700,gene_2701,iYO844.BSU33400,219
2701,gene_2702,iYO844.BSU33490,624
2702,gene_2703,iYO844.BSU33510,40
2704,gene_2705,iYO844.BSU33730,115
2705,gene_2706,iYO844.BSU33800,44
2706,gene_2707,iYO844.BSU33830,115
2707,gene_2708,iYO844.BSU33900,571
2708,gene_2709,iYO844.BSU33920,253
2709,gene_2710,iYO844.BSU33930,444
2710,gene_2711,iYO844.BSU34560,201
2711,gene_2712,iYO844.BSU34860,79
2712,gene_2713,iYO844.BSU34870,283
2713,gene_2714,iYO844.BSU34880,142
2714,gene_2715,iYO844.BSU34900,204
2715,gene_2716,iYO844.BSU34910,360
2716,gene_2717,iYO844.BSU34920,144
2717,gene_2718,iYO844.BSU35010,186
2718,gene_2719,iYO844.BSU35530,209
2720,gene_2721,iYO844.BSU35550,82
2721,gene_2722,iYO844.BSU35590,57
2722,gene_2723,iYO844.BSU35600,87
2723,gene_2724,iYO844.BSU35670,184
2724,gene_2725,iYO844.BSU35680,83
2725,gene_2726,iYO844.BSU35690,55
2726,gene_2727,iYO844.BSU35700,173
2727,gene_2728,iYO844.BSU35790,290
2728,gene_2729,iYO844.BSU36370,99
2729,gene_2730,iYO844.BSU36760,378
2730,gene_2731,iYO844.BSU36800,62
2731,gene_2732,iYO844.BSU36810,587
2732,gene_2733,iYO844.BSU36820,178
2733,gene_2734,iYO844.BSU36830,551
2734,gene_2735,iYO844.BSU36860,38
2735,gene_2736,iYO844.BSU36890,244
2736,gene_2737,iYO844.BSU36900,467
2737,gene_2738,iYO844.BSU36920,84
2738,gene_2739,iYO844.BSU37100,350
2739,gene_2740,iYO844.BSU37110,194
2741,gene_2742,iYO844.BSU37150,622
2742,gene_2743,iYO844.BSU38040,235
2743,gene_2744,iYO844.BSU38050,332
2744,gene_2745,iYO844.BSU38190,468
2745,gene_2746,iYO844.BSU38500,325
2746,gene_2747,iYO844.BSU38510,240
2747,gene_2748,iYO844.BSU38520,65
2748,gene_2749,iYO844.BSU38530,129
2749,gene_2750,iYO844.BSU38560,527
2750,gene_2751,iYO844.BSU38570,60
2752,gene_2753,iYO844.BSU38590,77
2753,gene_2754,iYO844.BSU38860,419
2754,gene_2755,iYO844.BSU39260,398
2755,gene_2756,iYO844.BSU39270,411
2756,gene_2757,iYO844.BSU39420,179
2757,gene_2758,iYO844.BSU39540,153
2758,gene_2759,iYO844.BSU39780,142
2759,gene_2760,iYO844.BSU40190,545
2760,gene_2761,iYO844.BSU40420,459
2761,gene_2762,iYO844.BSU40850,117
2762,gene_2763,iYS854.USA300HOU_RS00045,443
2763,gene_2764,iYS854.USA300HOU_RS00085,431
2764,gene_2765,iYS854.USA300HOU_RS00270,48
2765,gene_2766,iYS854.USA300HOU_RS00310,346
2766,gene_2767,iYS854.USA300HOU_RS00730,180
2767,gene_2768,iYS854.USA300HOU_RS01050,91
2768,gene_2769,iYS854.USA300HOU_RS01090,400
2769,gene_2770,iYS854.USA300HOU_RS01150,936
2770,gene_2771,iYS854.USA300HOU_RS01155,197
2773,gene_2774,iYS854.USA300HOU_RS01340,93
2775,gene_2776,iYS854.USA300HOU_RS01730,224
2776,gene_2777,iYS854.USA300HOU_RS01735,157
2777,gene_2778,iYS854.USA300HOU_RS02070,558
2778,gene_2779,iYS854.USA300HOU_RS02325,219
2779,gene_2780,iYS854.USA300HOU_RS02395,483
2780,gene_2781,iYS854.USA300HOU_RS02505,439
2781,gene_2782,iYS854.USA300HOU_RS02555,340
2782,gene_2783,iYS854.USA300HOU_RS02560,272
2783,gene_2784,iYS854.USA300HOU_RS02615,179
2784,gene_2785,iYS854.USA300HOU_RS02655,444
2785,gene_2786,iYS854.USA300HOU_RS02885,199
2786,gene_2787,iYS854.USA300HOU_RS03230,369
2787,gene_2788,iYS854.USA300HOU_RS03780,87
2788,gene_2789,iYS854.USA300HOU_RS03790,193
2789,gene_2790,iYS854.USA300HOU_RS03800,195
2790,gene_2791,iYS854.USA300HOU_RS03880,44
2791,gene_2792,iYS854.USA300HOU_RS03900,110
2792,gene_2793,iYS854.USA300HOU_RS04050,103
2793,gene_2794,iYS854.USA300HOU_RS04185,402
2794,gene_2795,iYS854.USA300HOU_RS04195,239
2795,gene_2796,iYS854.USA300HOU_RS04205,520
2796,gene_2797,iYS854.USA300HOU_RS04405,222
2797,gene_2798,iYS854.USA300HOU_RS04515,197
2798,gene_2799,iYS854.USA300HOU_RS04520,78
2799,gene_2800,iYS854.USA300HOU_RS04525,311
2800,gene_2801,iYS854.USA300HOU_RS04530,88
2801,gene_2802,iYS854.USA300HOU_RS04535,440
2802,gene_2803,iYS854.USA300HOU_RS04640,63
2803,gene_2804,iYS854.USA300HOU_RS04765,423
2804,gene_2805,iYS854.USA300HOU_RS04770,380
2805,gene_2806,iYS854.USA300HOU_RS04775,239
2806,gene_2807,iYS854.USA300HOU_RS04880,400
2807,gene_2808,iYS854.USA300HOU_RS04900,223
2808,gene_2809,iYS854.USA300HOU_RS04905,208
2809,gene_2810,iYS854.USA300HOU_RS05395,49
2810,gene_2811,iYS854.USA300HOU_RS05400,449
2811,gene_2812,iYS854.USA300HOU_RS05485,112
2812,gene_2813,iYS854.USA300HOU_RS05495,57
2813,gene_2814,iYS854.USA300HOU_RS05615,134
2814,gene_2815,iYS854.USA300HOU_RS05725,98
2815,gene_2816,iYS854.USA300HOU_RS05860,360
2816,gene_2817,iYS854.USA300HOU_RS06015,213
2817,gene_2818,iYS854.USA300HOU_RS06130,242
2818,gene_2819,iYS854.USA300HOU_RS06160,309
2819,gene_2820,iYS854.USA300HOU_RS06175,213
2820,gene_2821,iYS854.USA300HOU_RS06185,227
2821,gene_2822,iYS854.USA300HOU_RS06195,45
2822,gene_2823,iYS854.USA300HOU_RS06365,504
2823,gene_2824,iYS854.USA300HOU_RS06465,109
2824,gene_2825,iYS854.USA300HOU_RS06745,291
2825,gene_2826,iYS854.USA300HOU_RS06750,196
2826,gene_2827,iYS854.USA300HOU_RS07055,266
2828,gene_2829,iYS854.USA300HOU_RS07115,46
2829,gene_2830,iYS854.USA300HOU_RS07120,183
2830,gene_2831,iYS854.USA300HOU_RS07240,75
2831,gene_2832,iYS854.USA300HOU_RS07270,82
2832,gene_2833,iYS854.USA300HOU_RS07285,114
2833,gene_2834,iYS854.USA300HOU_RS07595,199
2834,gene_2835,iYS854.USA300HOU_RS07610,52
2835,gene_2836,iYS854.USA300HOU_RS08015,124
2836,gene_2837,iYS854.USA300HOU_RS08155,439
2837,gene_2838,iYS854.USA300HOU_RS08170,192
2838,gene_2839,iYS854.USA300HOU_RS08275,79
2839,gene_2840,iYS854.USA300HOU_RS08305,94
2840,gene_2841,iYS854.USA300HOU_RS08370,66
2841,gene_2842,iYS854.USA300HOU_RS08675,536
2842,gene_2843,iYS854.USA300HOU_RS08695,566
2843,gene_2844,iYS854.USA300HOU_RS08700,156
2844,gene_2845,iYS854.USA300HOU_RS08720,339
2845,gene_2846,iYS854.USA300HOU_RS08725,289
2846,gene_2847,iYS854.USA300HOU_RS09005,408
2847,gene_2848,iYS854.USA300HOU_RS09015,250
2848,gene_2849,iYS854.USA300HOU_RS09020,258
2849,gene_2850,iYS854.USA300HOU_RS09025,456
2850,gene_2851,iYS854.USA300HOU_RS09495,431
2851,gene_2852,iYS854.USA300HOU_RS09500,482
2852,gene_2853,iYS854.USA300HOU_RS09890,510
2853,gene_2854,iYS854.USA300HOU_RS09920,74
2854,gene_2855,iYS854.USA300HOU_RS09925,286
2855,gene_2856,iYS854.USA300HOU_RS09930,140
2856,gene_2857,iYS854.USA300HOU_RS10270,187
2857,gene_2858,iYS854.USA300HOU_RS10275,90
2858,gene_2859,iYS854.USA300HOU_RS10305,87
2859,gene_2860,iYS854.USA300HOU_RS10320,365
2860,gene_2861,iYS854.USA300HOU_RS10325,72
2861,gene_2862,iYS854.USA300HOU_RS10340,507
2862,gene_2863,iYS854.USA300HOU_RS10360,393
2864,gene_2865,iYS854.USA300HOU_RS11075,370
2865,gene_2866,iYS854.USA300HOU_RS11335,102
2866,gene_2867,iYS854.USA300HOU_RS11340,384
2867,gene_2868,iYS854.USA300HOU_RS11360,601
2868,gene_2869,iYS854.USA300HOU_RS11370,526
2869,gene_2870,iYS854.USA300HOU_RS11380,53
2870,gene_2871,iYS854.USA300HOU_RS11405,249
2871,gene_2872,iYS854.USA300HOU_RS11410,452
2872,gene_2873,iYS854.USA300HOU_RS11470,152
2873,gene_2874,iYS854.USA300HOU_RS11480,608
2874,gene_2875,iYS854.USA300HOU_RS11540,187
2876,gene_2877,iYS854.USA300HOU_RS11655,381
2877,gene_2878,iYS854.USA300HOU_RS11865,241
2878,gene_2879,iYS854.USA300HOU_RS11875,54
2879,gene_2880,iYS854.USA300HOU_RS11885,158
2880,gene_2881,iYS854.USA300HOU_RS12025,87
2881,gene_2882,iYS854.USA300HOU_RS12030,129
2883,gene_2884,iYS854.USA300HOU_RS12070,202
2884,gene_2885,iYS854.USA300HOU_RS12505,116
2887,gene_2888,iYS854.USA300HOU_RS13545,197
2888,gene_2889,iYS854.USA300HOU_RS13640,520
2889,gene_2890,iYS854.USA300HOU_RS13680,39
2891,gene_2892,iYS854.USA300HOU_RS13930,253
2892,gene_2893,iYS854.USA300HOU_RS14195,116
2893,gene_2894,iYS854.USA300HOU_RS14360,273
2894,gene_2895,iYS854.USA300HOU_RS14570,233
